SCMBranch=External Dependencies
SCMRepository=External Dependencies/src/icu/source/data/mappings
SCMMainlineUUID={49768a25-3559-48c3-b9a1-b43d4686e928}
SCMBranchRepositoryID=794
cns-11643-1992.ucm;2221539549;1;1076022267;
convrtrs.txt;3911167556;1;1215802401;
ebcdic-xml-us.ucm;1967725227;1;1044480687;
gb18030.ucm;3087200174;1;1157065443;
gsm-03.38-2000.ucm;2866897774;1;1221869825;
ibm-1006_P100-1995.ucm;332366408;1;1044480687;
ibm-1025_P100-1995.ucm;1716113799;1;1044480687;
ibm-1026_P100-1995.ucm;2318968903;1;1044480687;
ibm-1047_P100-1995.ucm;1270112964;1;1044480687;
ibm-1051_P100-1995.ucm;2217386337;1;1044480687;
ibm-1089_P100-1995.ucm;2832901866;1;1044480687;
ibm-1097_P100-1995.ucm;2118815404;1;1044480687;
ibm-1098_P100-1995.ucm;3034235973;1;1044480687;
ibm-1112_P100-1995.ucm;3208853526;1;1044480687;
ibm-1122_P100-1999.ucm;1916064862;1;1044480687;
ibm-1123_P100-1995.ucm;3761428051;1;1044480687;
ibm-1124_P100-1996.ucm;4267609643;1;1044480688;
ibm-1125_P100-1997.ucm;531811771;1;1044480688;
ibm-1129_P100-1997.ucm;3893075844;1;1044480688;
ibm-1130_P100-1997.ucm;2294466185;1;1044480688;
ibm-1131_P100-1997.ucm;2050655500;1;1044480688;
ibm-1132_P100-1998.ucm;2852173990;1;1044480688;
ibm-1133_P100-1997.ucm;1028995242;1;1044480688;
ibm-1137_P100-1999.ucm;774677926;1;1207088241;
ibm-1140_P100-1997.ucm;3711032095;1;1044480688;
ibm-1141_P100-1997.ucm;1871843951;1;1044480688;
ibm-1142_P100-1997.ucm;3050351441;1;1044480688;
ibm-1143_P100-1997.ucm;1809796911;1;1044480688;
ibm-1144_P100-1997.ucm;971323249;1;1044480688;
ibm-1145_P100-1997.ucm;3599840668;1;1044480688;
ibm-1146_P100-1997.ucm;1626939279;1;1044480688;
ibm-1147_P100-1997.ucm;1361632622;1;1044480689;
ibm-1148_P100-1997.ucm;2695981089;1;1044480689;
ibm-1149_P100-1997.ucm;4102556055;1;1044480689;
ibm-1153_P100-1999.ucm;2058029178;1;1044480689;
ibm-1154_P100-1999.ucm;1918605379;1;1044480689;
ibm-1155_P100-1999.ucm;2764120299;1;1044480689;
ibm-1156_P100-1999.ucm;920914204;1;1044480689;
ibm-1157_P100-1999.ucm;656637399;1;1044480689;
ibm-1158_P100-1999.ucm;3395591847;1;1044480689;
ibm-1160_P100-1999.ucm;1717127394;1;1044480689;
ibm-1162_P100-1999.ucm;1134106288;1;1044480689;
ibm-1164_P100-1999.ucm;967234275;1;1044480689;
ibm-1168_P100-2002.ucm;2725687882;1;1207088242;
ibm-1250_P100-1995.ucm;2553732774;1;1044480689;
ibm-1251_P100-1995.ucm;1622158369;1;1044480689;
ibm-1252_P100-2000.ucm;3457059047;1;1044480690;
ibm-1253_P100-1995.ucm;649417246;1;1044480690;
ibm-1254_P100-1995.ucm;1045838004;1;1044480690;
ibm-1255_P100-1995.ucm;409541694;1;1044480690;
ibm-1256_P110-1997.ucm;3013170864;1;1044480690;
ibm-1257_P100-1995.ucm;3532397138;1;1044480690;
ibm-1258_P100-1997.ucm;4116396488;1;1044480690;
ibm-12712_P100-1998.ucm;765371156;1;1044480690;
ibm-1276_P100-1995.ucm;1270880341;1;1044480690;
ibm-1363_P110-1997.ucm;22906269;1;1076022268;
ibm-1363_P11B-1998.ucm;4168736075;1;1076022268;
ibm-1364_P110-1997.ucm;4137159504;1;1057256017;
ibm-1364_P110-2007.ucm;2939071481;1;1207088243;
ibm-1371_P100-1999.ucm;4264816723;1;1207088243;
ibm-1373_P100-2002.ucm;669181593;1;1076022269;
ibm-1375_P100-2007.ucm;1646060575;1;1207088244;
ibm-1383_P110-1999.ucm;2284268086;1;1207088244;
ibm-1386_P100-2001.ucm;1597243609;1;1207088245;
ibm-1388_P103-2001.ucm;274915671;1;1044480691;
ibm-1390_P110-2003.ucm;2471843126;1;1076022269;
ibm-1399_P110-2003.ucm;3722742088;1;1076022269;
ibm-16684_P110-2003.ucm;3807583275;1;1076022269;
ibm-16804_X110-1999.ucm;2964527880;1;1044480691;
ibm-273_P100-1995.ucm;1977129390;1;1044480691;
ibm-277_P100-1995.ucm;2513382867;1;1044480691;
ibm-278_P100-1995.ucm;3317227422;1;1044480691;
ibm-280_P100-1995.ucm;1361057194;1;1044480691;
ibm-284_P100-1995.ucm;953772175;1;1044480691;
ibm-285_P100-1995.ucm;56857780;1;1044480691;
ibm-290_P100-1995.ucm;687188527;1;1044480691;
ibm-297_P100-1995.ucm;772613147;1;1044480691;
ibm-33722_P120-1999.ucm;3310768793;1;1207088246;
ibm-33722_P12A_P12A-2004_U2.ucm;3050912607;1;1207088246;
ibm-37_P100-1995.ucm;1889694874;1;1044480692;
ibm-420_X120-1999.ucm;2657080845;1;1207088246;
ibm-424_P100-1995.ucm;166972488;1;1044480692;
ibm-437_P100-1995.ucm;488359432;1;1044480692;
ibm-4517_P100-2005.ucm;341663845;1;1157065449;
ibm-4899_P100-1998.ucm;1655133316;1;1044480692;
ibm-4909_P100-1999.ucm;3240856469;1;1044480692;
ibm-4971_P100-1999.ucm;1300221294;1;1044480692;
ibm-500_P100-1995.ucm;313208396;1;1044480692;
ibm-5012_P100-1999.ucm;1529878698;1;1207088246;
ibm-5123_P100-1999.ucm;1650460912;1;1044480692;
ibm-5346_P100-1998.ucm;508924719;1;1044480692;
ibm-5347_P100-1998.ucm;2843323295;1;1044480692;
ibm-5348_P100-1997.ucm;3837235447;1;1044480692;
ibm-5349_P100-1998.ucm;196130689;1;1044480692;
ibm-5350_P100-1998.ucm;1490112746;1;1044480692;
ibm-5351_P100-1998.ucm;3261900800;1;1044480692;
ibm-5352_P100-1998.ucm;19014896;1;1044480692;
ibm-5353_P100-1998.ucm;341335634;1;1044480692;
ibm-5354_P100-1998.ucm;817754365;1;1044480692;
ibm-5471_P100-2006.ucm;3091212307;1;1207088247;
ibm-5478_P100-1995.ucm;190367555;1;1057256018;
ibm-720_P100-1997.ucm;1817287296;1;1207088247;
ibm-737_P100-1997.ucm;1129384135;1;1123802379;
ibm-775_P100-1996.ucm;1722579085;1;1123802379;
ibm-803_P100-1999.ucm;2900366174;1;1057256018;
ibm-813_P100-1995.ucm;3528042894;1;1057256018;
ibm-838_P100-1995.ucm;3386660109;1;1057256018;
ibm-8482_P100-1999.ucm;167095364;1;1076022270;
ibm-850_P100-1995.ucm;1626440637;1;1057256018;
ibm-851_P100-1995.ucm;2708160876;1;1057256018;
ibm-852_P100-1995.ucm;2109364453;1;1057256018;
ibm-855_P100-1995.ucm;1854006128;1;1057256018;
ibm-856_P100-1995.ucm;610792903;1;1057256018;
ibm-857_P100-1995.ucm;3744930051;1;1057256018;
ibm-858_P100-1997.ucm;3440374823;1;1057256018;
ibm-860_P100-1995.ucm;1875172003;1;1057256018;
ibm-861_P100-1995.ucm;371679638;1;1057256018;
ibm-862_P100-1995.ucm;4173358844;1;1057256018;
ibm-863_P100-1995.ucm;2822030559;1;1057256018;
ibm-864_X110-1999.ucm;1854717057;1;1207088247;
ibm-865_P100-1995.ucm;1776514408;1;1057256018;
ibm-866_P100-1995.ucm;702343464;1;1057256018;
ibm-867_P100-1998.ucm;2188875574;1;1057256018;
ibm-868_P100-1995.ucm;279808603;1;1057256018;
ibm-869_P100-1995.ucm;2833625421;1;1057256018;
ibm-870_P100-1995.ucm;220686318;1;1057256018;
ibm-871_P100-1995.ucm;2446406003;1;1057256018;
ibm-874_P100-1995.ucm;1874807713;1;1057256018;
ibm-875_P100-1995.ucm;409647836;1;1057256018;
ibm-878_P100-1996.ucm;3818053995;1;1057256018;
ibm-897_P100-1995.ucm;3296627033;1;1101322466;
ibm-9005_X110-2007.ucm;3186564077;1;1207088247;
ibm-901_P100-1999.ucm;3569223171;1;1057256018;
ibm-902_P100-1999.ucm;612909444;1;1057256018;
ibm-9067_X100-2005.ucm;2865827686;1;1157065451;
ibm-912_P100-1995.ucm;718551115;1;1057256018;
ibm-913_P100-2000.ucm;3839449373;1;1207088247;
ibm-914_P100-1995.ucm;1953471377;1;1057256018;
ibm-915_P100-1995.ucm;2366702914;1;1057256018;
ibm-916_P100-1995.ucm;172473220;1;1057256018;
ibm-918_P100-1995.ucm;3032304282;1;1057256018;
ibm-920_P100-1995.ucm;1532268099;1;1057256018;
ibm-921_P100-1995.ucm;2855387598;1;1057256018;
ibm-922_P100-1999.ucm;288203445;1;1057256018;
ibm-923_P100-1998.ucm;4118113931;1;1057256018;
ibm-930_P120-1999.ucm;883304681;1;1207088247;
ibm-933_P110-1995.ucm;2063391766;1;1207088248;
ibm-935_P110-1999.ucm;3670166856;1;1207088248;
ibm-937_P110-1999.ucm;261862275;1;1207088248;
ibm-939_P120-1999.ucm;3154131614;1;1207088248;
ibm-942_P12A-1999.ucm;3877983674;1;1207088249;
ibm-943_P130-1999.ucm;921896;1;1207088249;
ibm-943_P15A-2003.ucm;149608395;1;1207088249;
ibm-9447_P100-2002.ucm;2619581086;1;1076022271;
ibm-9448_X100-2005.ucm;1283320111;1;1157065453;
ibm-9449_P100-2002.ucm;2032088273;1;1076022271;
ibm-949_P110-1999.ucm;2697894155;1;1207088249;
ibm-949_P11A-1999.ucm;2506774245;1;1207088249;
ibm-950_P110-1999.ucm;758560135;1;1207088249;
ibm-954_P101-2007.ucm;1319360338;1;1207088250;
ibm-964_P110-1999.ucm;3087204046;1;1207088250;
ibm-970_P110_P110-2006_U2.ucm;645450813;1;1207088250;
ibm-971_P100-1995.ucm;1016784551;1;1207088250;
icu-internal-25546.ucm;2016240908;1;1123802391;
iso-8859_10-1998.ucm;1313690686;1;1157065455;
iso-8859_11-2001.ucm;2954394595;1;1157065455;
iso-8859_14-1998.ucm;944000059;1;1157065455;
iso-8859_16-2001.ucm;557284087;1;1095125719;
iso-ir-165.ucm;1062296397;1;1057256019;
jisx-208.ucm;2282595924;1;1057256019;
jisx-212.ucm;4229283033;1;1057256019;
lmb-excp.ucm;4003393326;1;1076022272;
macos-0_2-10.2.ucm;2942903705;1;1076022272;
macos-2566-10.2.ucm;393557270;1;1076022272;
macos-29-10.2.ucm;3489749923;1;1076022272;
macos-35-10.2.ucm;3220424063;1;1076022272;
macos-6-10.2.ucm;405759332;1;1076022272;
macos-6_2-10.4.ucm;989959379;1;1157065455;
macos-7_3-10.2.ucm;747435999;1;1076022272;
softbank-sjis.ucm;4009284039;1;1221864930;
ucmcore.mk;324707203;1;1207088251;
ucmebcdic.mk;123897884;1;1207088251;
ucmfiles.mk;2581223728;1;1215802405;
ucmlocal.mk;3429613538;1;1307145993;
ucmlocal.mk.bak;1326040832;1;1221869826;
windows-874-2000.ucm;4134180902;1;1076022272;
windows-936-2000.ucm;3544222888;1;1207088251;
windows-949-2000.ucm;519849344;1;1076022272;
windows-950-2000.ucm;2438621795;1;1076022272;
