SCMBranch=External Dependencies
SCMRepository=External Dependencies/src/cairo/pixman
SCMMainlineUUID={49768a25-3559-48c3-b9a1-b43d4686e928}
SCMBranchRepositoryID=674
AUTHORS;0;1;1255495332;
COPYING;1056607010;1;1303824564;
ChangeLog;0;1;1255495332;
INSTALL;778788788;1;1255495332;
Makefile.am;1602510679;1;1303824610;
Makefile.in;591555890;1;1304327151;
NEWS;0;1;1255495332;
README;588841012;1;1298636299;
TODO;3091086262;1;1297141773;
aclocal.m4;1552342577;1;1304327149;
config.guess;2706238943;1;1255608346;
config.h.in;3426659437;1;1304327158;
config.sub;3507448389;1;1255608346;
configure;1701861599;1;1304327150;
configure.ac;677832261;1;1304327144;
depcomp;1146531353;1;1255608346;
install-sh;2838778597;1;1255608346;
ltmain.sh;2193921709;1;1288473512;
missing;4023022175;1;1255608346;
pixman-1-uninstalled.pc.in;3173020705;1;1297141773;
pixman-1.pc.in;2896236268;1;1297141773;
