SCMBranch=External Dependencies
SCMRepository=External Dependencies/src/openssl/crypto/evp
SCMMainlineUUID={49768a25-3559-48c3-b9a1-b43d4686e928}
SCMBranchRepositoryID=920
Makefile;4292892915;1;1221671460;
bio_b64.c;2999328325;1;1274964093;
bio_enc.c;766345486;1;1114647689;
bio_md.c;3085400071;1;1221517300;
bio_ok.c;3905726722;1;1093796367;
c_all.c;2163025686;1;1093797364;
c_allc.c;2149776841;1;1261750278;
c_alld.c;3278284866;1;1247042006;
dig_eng.c;2135010901;1;1221517300;
digest.c;377562377;1;1267796106;
e_aes.c;266929804;1;1221517300;
e_bf.c;1703360020;1;1048202896;
e_camellia.c;1720621232;1;1221992648;
e_cast.c;4004996973;1;1048202907;
e_des.c;2302197932;1;1221517301;
e_des3.c;1468765512;1;1226343307;
e_dsa.c;2609209592;1;924905419;
e_idea.c;4041331723;1;1048202935;
e_null.c;4220159191;1;1221517301;
e_old.c;2108401748;1;1114470540;
e_rc2.c;2693226473;1;1067459050;
e_rc4.c;3377190655;1;1221517301;
e_rc5.c;3485958962;1;1048202966;
e_seed.c;2873273477;1;1183553792;
e_xcbc_d.c;599130840;1;1125271245;
enc_min.c;1478585714;1;1286839733;
encode.c;2330517563;1;1276348731;
evp.h;1809083209;1;1221671460;
evp_acnf.c;860920372;1;1225910204;
evp_cnf.c;2375464643;1;1226407934;
evp_enc.c;2955449952;1;1221517943;
evp_err.c;3158658115;1;1221517301;
evp_key.c;3041193627;1;1141247870;
evp_lib.c;2106590812;1;1261750278;
evp_locl.h;2263241256;1;1267195298;
evp_pbe.c;108915317;1;1278607908;
evp_pkey.c;4087496896;1;1225910204;
evp_test.c;480805070;1;1236092809;
evptests.txt;3939452099;1;1177372205;
m_dss.c;3323329015;1;1221517301;
m_dss1.c;1371552727;1;1221517301;
m_ecdsa.c;4129550915;1;1084620588;
m_md2.c;3713996729;1;1221517301;
m_md4.c;3533730002;1;1221517301;
m_md5.c;2558997920;1;1221517301;
m_mdc2.c;207001955;1;1221517302;
m_null.c;3269752825;1;1084620588;
m_ripemd.c;1670196642;1;1121512386;
m_sha.c;1064691103;1;1221517302;
m_sha1.c;3453937545;1;1221517302;
names.c;1370166377;1;1267908753;
openbsd_hw.c;4244961561;1;1001453822;
p5_crpt.c;3216297298;1;1225910204;
p5_crpt2.c;1480674008;1;1225910204;
p_dec.c;3648996357;1;1079392518;
p_enc.c;343201172;1;1079392518;
p_lib.c;3359997276;1;1121512386;
p_open.c;1319600521;1;1082398166;
p_seal.c;2559909642;1;1080495479;
p_sign.c;2008407680;1;1290879214;
p_verify.c;2854364018;1;1290879214;
