SCMBranch=External Dependencies
SCMRepository=External Dependencies/src/openssl/crypto/asn1
SCMMainlineUUID={49768a25-3559-48c3-b9a1-b43d4686e928}
SCMBranchRepositoryID=901
Makefile;3586932857;1;1221671456;
a_bitstr.c;740855541;1;1122411314;
a_bool.c;1810859187;1;1079392515;
a_bytes.c;3623551643;1;1234648210;
a_d2i_fp.c;89625456;1;1115598452;
a_digest.c;3264878118;1;1112277472;
a_dup.c;2528476094;1;1115598452;
a_enum.c;367561553;1;1114200160;
a_gentm.c;3909966181;1;1102208586;
a_hdr.c;366670425;1;1114033686;
a_i2d_fp.c;1945724346;1;1115598452;
a_int.c;1669116587;1;1276348727;
a_mbstr.c;3042107656;1;1254675198;
a_meth.c;2563988371;1;1112261185;
a_object.c;2290180740;1;1267980031;
a_octet.c;1770865206;1;1079392515;
a_print.c;2246742566;1;1112178360;
a_set.c;1222982864;1;1112266555;
a_sign.c;3289684724;1;1222360687;
a_strex.c;2598715200;1;1294017993;
a_strnid.c;4266839572;1;1295886060;
a_time.c;4220396037;1;1072536014;
a_type.c;1311010901;1;1207134709;
a_utctm.c;1613845901;1;1102857349;
a_utf8.c;928099720;1;976302417;
a_verify.c;1846380746;1;1222360687;
asn1.h;1734050692;1;1295886060;
asn1_err.c;3835196943;1;1249575777;
asn1_gen.c;2868572943;1;1257814017;
asn1_lib.c;2567187314;1;1207134709;
asn1_mac.h;3442408985;1;1114033686;
asn1_par.c;2049557527;1;1254355969;
asn1t.h;825392290;1;1225910196;
asn_mime.c;1390942593;1;1236553534;
asn_moid.c;496022349;1;1225910196;
asn_pack.c;506348771;1;1225910196;
charmap.h;2771542676;1;964749491;
charmap.pl;2375577754;1;964749491;
d2i_pr.c;3236313759;1;1116238258;
d2i_pu.c;500863596;1;1116238258;
evp_asn1.c;2009068247;1;1102208586;
f_enum.c;3667543058;1;959897789;
f_int.c;2730983005;1;1037202133;
f_string.c;1212253215;1;959897789;
i2d_pr.c;2928482670;1;1116238258;
i2d_pu.c;2657037205;1;1116238258;
n_pkey.c;82694094;1;1276348727;
nsseq.c;1352624223;1;1225910196;
p5_pbe.c;996879436;1;1225910196;
p5_pbev2.c;1930339438;1;1225910196;
p8_key.c;660533165;1;959897791;
p8_pkey.c;1062330477;1;1225910198;
t_bitst.c;4260110322;1;1225910198;
t_crl.c;3671004695;1;1276348727;
t_pkey.c;349504051;1;1145107073;
t_req.c;577600378;1;1179876788;
t_spki.c;2231872798;1;1225910198;
t_x509.c;2669980648;1;1249917327;
t_x509a.c;1424089135;1;1225910198;
tasn_dec.c;1729687129;1;1276348727;
tasn_enc.c;390606088;1;1225910198;
tasn_fre.c;1495472326;1;1225910198;
tasn_new.c;1298153106;1;1225910199;
tasn_prn.c;3499028227;1;1225910199;
tasn_typ.c;750128565;1;1225910199;
tasn_utl.c;1821262899;1;1225910199;
x_algor.c;4224003049;1;1225910199;
x_attrib.c;3074864676;1;996200543;
x_bignum.c;710562926;1;1225910199;
x_crl.c;846696680;1;1189082627;
x_exten.c;3319456712;1;1225910199;
x_info.c;1477352157;1;976302430;
x_long.c;2447121827;1;1225910199;
x_name.c;3391805035;1;1185568496;
x_pkey.c;3242658145;1;1114033686;
x_pubkey.c;1999977894;1;1121512384;
x_req.c;1033754139;1;1158944860;
x_sig.c;3258623221;1;982932393;
x_spki.c;3919402657;1;982932393;
x_val.c;866329990;1;982932393;
x_x509.c;1155548682;1;1286132157;
x_x509a.c;1394411396;1;1225910199;
