SCMBranch=External Dependencies
SCMRepository=External Dependencies/src/curl/src
SCMMainlineUUID={49768a25-3559-48c3-b9a1-b43d4686e928}
SCMBranchRepositoryID=692
CMakeLists.txt;4065213910;1;1307989942;
Makefile.Watcom;1631433789;1;1307989942;
Makefile.am;4103101047;1;1307989942;
Makefile.b32;2775498739;1;1307989942;
Makefile.in;4252622766;1;1307989942;
Makefile.inc;3940082812;1;1307989942;
Makefile.m32;3341297314;1;1307989942;
Makefile.netware;912438451;1;1307989942;
Makefile.vc10;325644666;1;1307989942;
Makefile.vc6;209487696;1;1307989942;
Makefile.vc8;1327310204;1;1307989942;
Makefile.vc9;4126084874;1;1307990105;
Makefile.vc9.bak;321318439;1;1307989942;
config-amigaos.h;2078799650;1;1307989942;
config-mac.h;782018571;1;1307989942;
config-riscos.h;4061343195;1;1307989942;
config-win32.h;3474512595;1;1307989942;
curl.rc;982528177;1;1307989942;
curl_config.h.in;2644848424;1;1307989942;
curlutil.c;3342881660;1;1307989942;
curlutil.h;2599558076;1;1307989942;
getpass.c;2711335401;1;1307989942;
getpass.h;2186465424;1;1307989942;
homedir.c;4007404441;1;1307989942;
homedir.h;2511389985;1;1307989942;
hugehelp.c;2123845086;1;1307989942;
hugehelp.h;3782633188;1;1307989942;
main.c;719790360;1;1307989942;
makefile.amiga;374839188;1;1307989942;
makefile.dj;3208562480;1;1307989942;
mkhelp.pl;2071258824;1;1307989942;
os-specific.c;2573938233;1;1307989942;
os-specific.h;1009829597;1;1307989942;
setup.h;4058335572;1;1307989942;
urlglob.c;865620101;1;1307989942;
urlglob.h;3383780536;1;1307989942;
vc6curlsrc.dsp;1846363778;1;1307989942;
vc6curlsrc.dsw;3602649295;1;1307989942;
version.h;2637895181;1;1307989942;
writeenv.c;2952566195;1;1307989942;
writeenv.h;1600797900;1;1307989942;
writeout.c;2407457610;1;1307989942;
writeout.h;1606012611;1;1307989942;
xattr.c;250838287;1;1307989942;
xattr.h;3333870485;1;1307989942;
