SCMBranch=External Dependencies
SCMRepository=External Dependencies/src/libxml2/doc/examples
SCMMainlineUUID={49768a25-3559-48c3-b9a1-b43d4686e928}
SCMBranchRepositoryID=215
examples.xml;2665752580;1;1307034601;
examples.xsl;1815478075;1;1307034601;
index.py;2618574323;1;1307034601;
io1.c;3308912974;1;1307034601;
io1.res;1042496238;1;1307034601;
io2.c;4165066979;1;1307034601;
io2.res;2608756198;1;1307034601;
Makefile.am;3906427271;1;1307034601;
Makefile.in;2619339146;1;1307034601;
parse1.c;3698899583;1;1307034601;
parse2.c;4013451670;1;1307034601;
parse3.c;3209337454;1;1307034601;
parse4.c;3282247132;1;1307034601;
reader1.c;3740143844;1;1307034601;
reader1.res;3673777916;1;1307034601;
reader2.c;3726726372;1;1307034601;
reader3.c;2921587165;1;1307034601;
reader3.res;799256887;1;1307034601;
reader4.c;3009537675;1;1307034601;
reader4.res;2646132599;1;1307034601;
test1.xml;1817616670;1;1307034601;
test2.xml;2980985225;1;1307034601;
test3.xml;3828594720;1;1307034601;
testWriter.c;254775767;1;1307034601;
tree1.c;2694189459;1;1307034601;
tree1.res;4007595798;1;1307034601;
tree2.c;1024401947;1;1307034601;
tree2.res;3636575458;1;1307034601;
tst.xml;1318156768;1;1307034601;
writer.xml;837969841;1;1307034601;
xpath1.c;1113407705;1;1307034601;
xpath1.res;1215800081;1;1307034601;
xpath2.c;3637809517;1;1307034602;
xpath2.res;278958560;1;1307034602;
