SCMBranch=External Dependencies
SCMRepository=External Dependencies/src/libxslt/libxslt
SCMMainlineUUID={49768a25-3559-48c3-b9a1-b43d4686e928}
SCMBranchRepositoryID=243
attributes.c;2155240662;1;1307034617;
attributes.h;927304947;1;1307034617;
attrvt.c;3647645813;1;1307034617;
documents.c;2799427520;1;1307034617;
documents.h;1104778143;1;1307034617;
extensions.c;2207133687;1;1307034617;
extensions.h;1022794024;1;1307034617;
extra.c;607354169;1;1307034617;
extra.h;2914020851;1;1307034617;
functions.c;3179294358;1;1307034617;
functions.h;1846819253;1;1307034617;
imports.c;1718507124;1;1307034617;
imports.h;2920771191;1;1307034617;
keys.c;853999680;1;1307034617;
keys.h;3872265368;1;1307034617;
libxslt.3;1276771795;1;1307034617;
libxslt.h;960972664;1;1307034618;
libxslt.syms;1001520790;1;1307034618;
Makefile.am;1450156699;1;1307034618;
Makefile.in;981009228;1;1307034618;
namespaces.c;140608464;1;1307034618;
namespaces.h;1180006279;1;1307034618;
numbers.c;2581110136;1;1307034618;
numbersInternals.h;2559761710;1;1307034618;
pattern.c;2640280317;1;1307034618;
pattern.h;2544235438;1;1307034618;
preproc.c;4266420161;1;1307034618;
preproc.h;3187539161;1;1307034618;
security.c;3647815111;1;1307034618;
security.h;2434611603;1;1307034618;
templates.c;3724184479;1;1307034618;
templates.h;1968555333;1;1307034618;
transform.c;1716731229;1;1307034618;
transform.h;2230506713;1;1307034618;
trio.h;1629897746;1;1307034618;
triodef.h;486911652;1;1307034618;
variables.c;1603839042;1;1307034618;
variables.h;141416806;1;1307034618;
win32config.h;2096337286;1;1307034618;
xslt.c;1273104282;1;1307034618;
xslt.h;3410022687;1;1307034619;
xsltconfig.h.in;1425095505;1;1307034619;
xsltexports.h;1126742818;1;1307034619;
xsltInternals.h;1109711894;1;1307034619;
xsltlocale.c;1471604184;1;1307034619;
xsltlocale.h;91533188;1;1307034619;
xsltutils.c;2228941914;1;1307034619;
xsltutils.h;3185213951;1;1307034619;
xsltwin32config.h;1659998896;1;1307034619;
xsltwin32config.h.in;1152270905;1;1307034619;
xsltconfig.h;2648446119;2;1308071332;
