SCMBranch=External Dependencies
SCMRepository=External Dependencies/bin
SCMMainlineUUID={49768a25-3559-48c3-b9a1-b43d4686e928}
SCMBranchRepositoryID=341
derb.exe;3118965586;1;1307742336;
genbidi.exe;3766280226;1;1307742334;
genbrk.exe;1451960875;1;1307742336;
gencase.exe;3351742627;1;1307742334;
genccode.exe;3376617544;1;1307742334;
gencmn.exe;2489853092;1;1307742334;
gencnval.exe;3185663667;1;1307742334;
genctd.exe;1698095073;1;1307742334;
gennames.exe;3990880757;1;1307742334;
gennorm.exe;15102487;1;1307742334;
genpname.exe;1279735141;1;1307742342;
genprops.exe;3498752624;1;1307742340;
genrb.exe;217607777;1;1307742334;
gensprep.exe;3902405282;1;1307742334;
genuca.exe;2227505941;1;1307742336;
iconv_no_i18n.exe;4190061022;1;1307754068;
icupkg.exe;26801698;1;1307742334;
icuswap.exe;1930828483;1;1307742334;
icutest.dll;1408369812;1;1307742334;
libeay32.exp;429567199;1;1307992843;
libpng13.dll;4162491681;1;1307982374;
makeconv.exe;2165341898;1;1307742340;
pkgdata.exe;3851072535;1;1307742337;
ssleay32.exp;2901333565;1;1307992855;
uconv.exe;1276480519;2;1308070000;
objc_debug.dll;3566399799;1;1308344522;
objc_debug.pdb;4229297549;1;1308344522;
sqlite.dll;2386349903;3;1308349247;
pthreadVC2.dll;3263857754;2;1308344292;
objc.pdb;3701206080;2;1308344600;
objc.dll;1217366304;2;1308344600;
icuuc40.dll;660710260;3;1308343609;
icutu40.dll;2063636726;3;1308343618;
iculx40.dll;1422410238;3;1308343616;
icule40.dll;675057483;3;1308343614;
icuio40.dll;3723751423;3;1308343619;
icuin40.dll;3364050831;3;1308343618;
icudt40.dll;1103278526;3;1308343647;
iconv.exe;1172130576;5;1308347348;
SQLite3.dll;2776075392;1;1308367355;
CFLite.dll;3979888150;4;1309203744;
CFLite.pdb;3939785732;4;1309203744;
CFLite_Debug.dll;3752710042;3;1309203917;
CFLite_Debug.pdb;3626282332;3;1309203917;
curl.exe;2698378274;3;1309206179;
libcurl.dll;797728765;3;1309206139;
libeay32.dll;4171163501;3;1309202838;
libexslt.dll;631500295;6;1309205571;
libxml2.dll;211848297;6;1309205310;
libxslt.dll;451640993;6;1309205561;
openssl.exe;3950432987;3;1309202872;
ssleay32.dll;2595114589;3;1309202849;
xmlcatalog.exe;1864975691;6;1309205322;
xmllint.exe;1348849;6;1309205322;
xsltproc.exe;1649958424;6;1309205574;
zlib1.dll;3615414590;3;1309201994;
cairo.dll;1487878902;4;1309218755;
