SCMBranch=External Dependencies
SCMRepository=External Dependencies/src/icu/source/tools/genrb
SCMMainlineUUID={49768a25-3559-48c3-b9a1-b43d4686e928}
SCMBranchRepositoryID=856
Makefile.in;3975870885;1;1215802421;
derb.1.in;3899310160;1;1044480726;
derb.c;1962114179;1;1215802421;
derb.vcproj;1079769876;1;1307144128;
derb.vcproj.8.00.old;1990865829;1;1215802421;
errmsg.c;1424054437;1;1088210981;
errmsg.h;409437778;1;1044480726;
gendtjar.pl;12302224;1;1207088281;
genrb.1.in;2096935696;1;1044480726;
genrb.c;3828877219;1;1215802421;
genrb.h;1886179556;1;1123802528;
genrb.vcproj;3338290682;1;1307144128;
genrb.vcproj.8.00.old;1573448836;1;1215802421;
parse.c;4110892810;1;1215802421;
parse.h;4174847927;1;1215802421;
prscmnts.cpp;55416125;1;1207088281;
prscmnts.h;4070564958;1;1076022285;
rbutil.c;2085069835;1;1215802421;
rbutil.h;1584605815;1;1123802528;
read.c;2318775808;1;1215802421;
read.h;3266544337;1;1076022285;
reslist.c;679514947;1;1215802421;
reslist.h;2162197532;1;1215802421;
rle.c;1636160327;1;1101322532;
rle.h;3861694605;1;1044480726;
ustr.c;256311593;1;1215802421;
ustr.h;897317083;1;1101322532;
wrtjava.c;873018956;1;1215802421;
wrtxml.cpp;4129362556;1;1215802421;
