SCMBranch=External Dependencies
SCMRepository=External Dependencies/src/openssl/crypto/x509v3
SCMMainlineUUID={49768a25-3559-48c3-b9a1-b43d4686e928}
SCMBranchRepositoryID=951
Makefile;995757300;1;1221671467;
ext_dat.h;3809104383;1;1225910210;
pcy_cache.c;1703665163;1;1225910210;
pcy_data.c;2613887157;1;1225910210;
pcy_int.h;2062772273;1;1225910210;
pcy_lib.c;457862185;1;1225910210;
pcy_map.c;1646534454;1;1225910210;
pcy_node.c;3154988116;1;1225910210;
pcy_tree.c;1346587198;1;1238758609;
tabtest.c;3040121940;1;1225910210;
v3_addr.c;3743600402;1;1294018822;
v3_akey.c;3454939499;1;1225910210;
v3_akeya.c;1499533713;1;1225910210;
v3_alt.c;1453318564;1;1239206306;
v3_asid.c;598439745;1;1294018822;
v3_bcons.c;1217299584;1;1225910210;
v3_bitst.c;141362258;1;1225910210;
v3_conf.c;503572545;1;1225910210;
v3_cpols.c;3525428429;1;1237034446;
v3_crld.c;2908880372;1;1225910210;
v3_enum.c;3632988970;1;1225910210;
v3_extku.c;2883768459;1;1225910210;
v3_genn.c;2081350625;1;1225910210;
v3_ia5.c;2871959868;1;1225910210;
v3_info.c;1855618174;1;1225910210;
v3_int.c;2591185445;1;1225910210;
v3_lib.c;1000299053;1;1225910210;
v3_ncons.c;4107834904;1;1286839734;
v3_ocsp.c;1166342152;1;1254354989;
v3_pci.c;1033868696;1;1274488278;
v3_pcia.c;1999468800;1;1104193293;
v3_pcons.c;3678155149;1;1225910211;
v3_pku.c;1332774264;1;1225910211;
v3_pmaps.c;1269650484;1;1225910211;
v3_prn.c;2850421782;1;1225910211;
v3_purp.c;4093377613;1;1225910211;
v3_skey.c;1546142650;1;1225910211;
v3_sxnet.c;3678541166;1;1225910211;
v3_utl.c;1668497785;1;1234648212;
v3conf.c;1832272800;1;1225910211;
v3err.c;144998605;1;1164634615;
v3prin.c;1162308390;1;1225910211;
x509v3.h;1294620337;1;1225910211;
