SCMBranch=External Dependencies
SCMRepository=External Dependencies/src/curl/docs/libcurl
SCMMainlineUUID={49768a25-3559-48c3-b9a1-b43d4686e928}
SCMBranchRepositoryID=777
ABI;2664822728;1;1307989941;
Makefile.am;4058135746;1;1307989940;
Makefile.in;4257535402;1;1307989941;
curl_easy_cleanup.3;4138065099;1;1307989941;
curl_easy_cleanup.html;2123884094;1;1307989941;
curl_easy_cleanup.pdf;1707180930;1;1307989941;
curl_easy_duphandle.3;3323666597;1;1307989941;
curl_easy_duphandle.html;4240934648;1;1307989941;
curl_easy_duphandle.pdf;3593255469;1;1307989941;
curl_easy_escape.3;1516286215;1;1307989940;
curl_easy_escape.html;995830161;1;1307989941;
curl_easy_escape.pdf;1202901077;1;1307989940;
curl_easy_getinfo.3;3119564227;1;1307989940;
curl_easy_getinfo.html;264015788;1;1307989941;
curl_easy_getinfo.pdf;2369492127;1;1307989940;
curl_easy_init.3;2125054376;1;1307989940;
curl_easy_init.html;2085234179;1;1307989940;
curl_easy_init.pdf;211357872;1;1307989942;
curl_easy_pause.3;2132812428;1;1307989941;
curl_easy_pause.html;495176697;1;1307989942;
curl_easy_pause.pdf;3783695027;1;1307989941;
curl_easy_perform.3;582696910;1;1307989941;
curl_easy_perform.html;1799434113;1;1307989941;
curl_easy_perform.pdf;1812445145;1;1307989941;
curl_easy_recv.3;235245051;1;1307989941;
curl_easy_recv.html;54731251;1;1307989940;
curl_easy_recv.pdf;826327765;1;1307989940;
curl_easy_reset.3;1200407253;1;1307989941;
curl_easy_reset.html;1885846479;1;1307989940;
curl_easy_reset.pdf;2726588120;1;1307989941;
curl_easy_send.3;2285267940;1;1307989940;
curl_easy_send.html;885376417;1;1307989941;
curl_easy_send.pdf;1311413251;1;1307989941;
curl_easy_setopt.3;3700494069;1;1307989941;
curl_easy_setopt.html;1910374226;1;1307989941;
curl_easy_setopt.pdf;2981889717;1;1307989940;
curl_easy_strerror.3;3855532592;1;1307989941;
curl_easy_strerror.html;389433224;1;1307989941;
curl_easy_strerror.pdf;2669327617;1;1307989941;
curl_easy_unescape.3;4109353203;1;1307989940;
curl_easy_unescape.html;1728510946;1;1307989941;
curl_easy_unescape.pdf;1713003094;1;1307989941;
curl_escape.3;3948508151;1;1307989941;
curl_escape.html;978663649;1;1307989941;
curl_escape.pdf;1270683766;1;1307989941;
curl_formadd.3;266255616;1;1307989941;
curl_formadd.html;3630858206;1;1307989941;
curl_formadd.pdf;3590474720;1;1307989942;
curl_formfree.3;2010839429;1;1307989941;
curl_formfree.html;1431780990;1;1307989941;
curl_formfree.pdf;1777288456;1;1307989940;
curl_formget.3;361723278;1;1307989941;
curl_formget.html;2984485903;1;1307989941;
curl_formget.pdf;3773487531;1;1307989942;
curl_free.3;3352988928;1;1307989940;
curl_free.html;3368988939;1;1307989941;
curl_free.pdf;3091542832;1;1307989940;
curl_getdate.3;946219471;1;1307989941;
curl_getdate.html;3997982077;1;1307989941;
curl_getdate.pdf;2625746120;1;1307989940;
curl_getenv.3;3964017077;1;1307989941;
curl_getenv.html;2806859905;1;1307989941;
curl_getenv.pdf;351451348;1;1307989942;
curl_global_cleanup.3;739094106;1;1307989941;
curl_global_cleanup.html;3418629168;1;1307989941;
curl_global_cleanup.pdf;2734782425;1;1307989941;
curl_global_init.3;461933860;1;1307989941;
curl_global_init.html;1981125118;1;1307989940;
curl_global_init.pdf;2600662591;1;1307989940;
curl_global_init_mem.3;3112722981;1;1307989941;
curl_global_init_mem.html;1747563750;1;1307989940;
curl_global_init_mem.pdf;2144287706;1;1307989941;
curl_mprintf.3;1132397181;1;1307989941;
curl_mprintf.html;1679807474;1;1307989941;
curl_mprintf.pdf;3394976003;1;1307989941;
curl_multi_add_handle.3;1418445154;1;1307989940;
curl_multi_add_handle.html;2011435981;1;1307989941;
curl_multi_add_handle.pdf;2192469408;1;1307989941;
curl_multi_assign.3;1696953614;1;1307989941;
curl_multi_assign.html;2572782372;1;1307989940;
curl_multi_assign.pdf;3938988115;1;1307989941;
curl_multi_cleanup.3;812810119;1;1307989941;
curl_multi_cleanup.html;1961217967;1;1307989941;
curl_multi_cleanup.pdf;3836977795;1;1307989941;
curl_multi_fdset.3;364058135;1;1307989941;
curl_multi_fdset.html;144657787;1;1307989941;
curl_multi_fdset.pdf;2560617146;1;1307989940;
curl_multi_info_read.3;46346010;1;1307989941;
curl_multi_info_read.html;4112358120;1;1307989942;
curl_multi_info_read.pdf;3966661079;1;1307989941;
curl_multi_init.3;3929680499;1;1307989941;
curl_multi_init.html;90526809;1;1307989941;
curl_multi_init.pdf;3054157118;1;1307989940;
curl_multi_perform.3;3153006503;1;1307989940;
curl_multi_perform.html;3422174680;1;1307989941;
curl_multi_perform.pdf;4260636851;1;1307989941;
curl_multi_remove_handle.3;327178163;1;1307989941;
curl_multi_remove_handle.html;4036615849;1;1307989941;
curl_multi_remove_handle.pdf;1580067723;1;1307989940;
curl_multi_setopt.3;4208821803;1;1307989941;
curl_multi_setopt.html;2032149917;1;1307989942;
curl_multi_setopt.pdf;2150863697;1;1307989942;
curl_multi_socket.3;3260107942;1;1307989941;
curl_multi_socket.html;240402459;1;1307989941;
curl_multi_socket.pdf;583354786;1;1307989941;
curl_multi_socket_action.3;3856295344;1;1307989941;
curl_multi_socket_action.html;575950362;1;1307989942;
curl_multi_socket_action.pdf;189349462;1;1307989941;
curl_multi_strerror.3;984641148;1;1307989941;
curl_multi_strerror.html;2902116203;1;1307989940;
curl_multi_strerror.pdf;1058302757;1;1307989941;
curl_multi_timeout.3;2662716000;1;1307989940;
curl_multi_timeout.html;2218265338;1;1307989941;
curl_multi_timeout.pdf;318388321;1;1307989941;
curl_share_cleanup.3;1562133515;1;1307989940;
curl_share_cleanup.html;1941265981;1;1307989941;
curl_share_cleanup.pdf;2893046340;1;1307989942;
curl_share_init.3;1634990491;1;1307989941;
curl_share_init.html;255523689;1;1307989941;
curl_share_init.pdf;1732917401;1;1307989940;
curl_share_setopt.3;1621499241;1;1307989941;
curl_share_setopt.html;1766608368;1;1307989941;
curl_share_setopt.pdf;599484113;1;1307989941;
curl_share_strerror.3;3388507170;1;1307989941;
curl_share_strerror.html;3850251478;1;1307989942;
curl_share_strerror.pdf;1228317153;1;1307989941;
curl_slist_append.3;250847195;1;1307989941;
curl_slist_append.html;4288396103;1;1307989941;
curl_slist_append.pdf;2089650875;1;1307989941;
curl_slist_free_all.3;3730094845;1;1307989942;
curl_slist_free_all.html;1251817916;1;1307989941;
curl_slist_free_all.pdf;1254764270;1;1307989940;
curl_strequal.3;2522935306;1;1307989940;
curl_strequal.html;3664037881;1;1307989940;
curl_strequal.pdf;3809529583;1;1307989941;
curl_unescape.3;2088555659;1;1307989940;
curl_unescape.html;4095355850;1;1307989941;
curl_unescape.pdf;3354503712;1;1307989941;
curl_version.3;3379088370;1;1307989940;
curl_version.html;2389704410;1;1307989941;
curl_version.pdf;1063165225;1;1307989942;
curl_version_info.3;2435389147;1;1307989941;
curl_version_info.html;1818547218;1;1307989940;
curl_version_info.pdf;2373621386;1;1307989941;
index.html;532541075;1;1307989940;
libcurl-easy.3;1047189726;1;1307989941;
libcurl-easy.html;1151578843;1;1307989941;
libcurl-easy.pdf;4217281818;1;1307989942;
libcurl-errors.3;4258049611;1;1307989941;
libcurl-errors.html;3037066603;1;1307989940;
libcurl-errors.pdf;2485107391;1;1307989941;
libcurl-multi.3;2525769980;1;1307989941;
libcurl-multi.html;3051228394;1;1307989941;
libcurl-multi.pdf;2689404859;1;1307989940;
libcurl-share.3;1959070119;1;1307989940;
libcurl-share.html;2578568725;1;1307989941;
libcurl-share.pdf;1548112522;1;1307989940;
libcurl-tutorial.3;2153462275;1;1307989941;
libcurl-tutorial.html;744775413;1;1307989941;
libcurl-tutorial.pdf;1304975085;1;1307989942;
libcurl.3;1122366548;1;1307989942;
libcurl.html;3426800004;1;1307989942;
libcurl.m4;1836767444;1;1307989941;
libcurl.pdf;1498993688;1;1307989941;
symbols-in-versions;581347806;1;1307989940;
