SCMBranch=External Dependencies
SCMRepository=External Dependencies/src/libxml2/include/libxml
SCMMainlineUUID={49768a25-3559-48c3-b9a1-b43d4686e928}
SCMBranchRepositoryID=222
c14n.h;3685121863;1;1307034604;
catalog.h;4167838172;1;1307034604;
chvalid.h;3549871061;1;1307034604;
debugXML.h;1426193229;1;1307034604;
dict.h;1785819740;1;1307034605;
DOCBparser.h;359805584;1;1307034605;
encoding.h;2002384487;1;1307034606;
entities.h;2554532240;1;1307034606;
globals.h;3594390500;1;1307034606;
hash.h;172220886;1;1307034606;
HTMLparser.h;4123194129;1;1307034606;
HTMLtree.h;413981974;1;1307034606;
list.h;1630004147;1;1307034606;
Makefile.am;1611416588;1;1307034606;
Makefile.in;3628419039;1;1307034606;
nanoftp.h;4039160704;1;1307034606;
nanohttp.h;1731998214;1;1307034606;
parser.h;3905679273;1;1307034606;
parserInternals.h;3343011833;1;1307034606;
pattern.h;598981307;1;1307034606;
relaxng.h;1339575841;1;1307034606;
SAX.h;3016870414;1;1307034606;
SAX2.h;2747359919;1;1307034606;
schemasInternals.h;2535974429;1;1307034606;
schematron.h;3148381391;1;1307034606;
threads.h;535349500;1;1307034606;
tree.h;1541403838;1;1307034606;
uri.h;456746483;1;1307034606;
valid.h;4243578651;1;1307034606;
xinclude.h;2601396683;1;1307034606;
xlink.h;3066022802;1;1307034606;
xmlautomata.h;388381665;1;1307034606;
xmlerror.h;1561676161;1;1307034606;
xmlexports.h;3559997026;1;1307034606;
xmlIO.h;1123415277;1;1307034606;
xmlmemory.h;1876244195;1;1307034606;
xmlmodule.h;96610434;1;1307034606;
xmlreader.h;1831082685;1;1307034607;
xmlregexp.h;3674819287;1;1307034607;
xmlsave.h;433700015;1;1307034607;
xmlschemas.h;1452579676;1;1307034607;
xmlschemastypes.h;153449867;1;1307034607;
xmlstring.h;3509532105;1;1307034607;
xmlunicode.h;767861525;1;1307034607;
xmlversion.h.in;1274039641;1;1307034607;
xmlwriter.h;3388475285;1;1307034607;
xpath.h;3989751677;1;1307034607;
xpathInternals.h;3036306916;1;1307034607;
xpointer.h;1966781918;1;1307034607;
xmlversion.h;2687240751;3;1309204227;
