SCMBranch=External Dependencies
SCMRepository=External Dependencies/src/openssl/ms
SCMMainlineUUID={49768a25-3559-48c3-b9a1-b43d4686e928}
SCMBranchRepositoryID=746
.rnd;750395794;1;914238043;
32all.bat;2841146048;1;984639092;
README;780815511;1;1116337894;
applink.c;1580606360;1;1131556362;
bcb4.bat;229605023;1;926951883;
certCA.srl;2921870762;1;914238043;
certCA.ss;3946141049;1;914238043;
certU.ss;2851842050;1;914238044;
cipher.out;279908957;1;1307988973;
clear.out;279908957;1;1307988973;
cmp.pl;255858095;1;914237565;
do_fips.bat;3930522788;1;1221740034;
do_masm.bat;3960693010;1;1236601076;
do_ms.bat;3037687097;1;1248785479;
do_nasm.bat;1388915386;1;1221738969;
do_nt.bat;484613158;1;927415478;
do_win64a.bat;2673621391;1;1120519452;
do_win64i.bat;3718937388;1;1120519452;
keyCA.ss;534166828;1;914238044;
keyU.ss;3924842438;1;914238044;
libeay32.def;1247802275;1;1307987851;
mingw32.bat;3196428100;1;1146835173;
mw.bat;824619092;1;1045936809;
nt.mak;1512181493;1;1307987850;
ntdll.mak;3085089560;1;1307992115;
req2CA.ss;3178959650;1;914238045;
reqCA.ss;794619324;1;914238045;
reqU.ss;144229399;1;914238045;
segrenam.pl;2459740258;1;1221736808;
speed32.bat;3551381933;1;914237565;
ssleay32.def;514692924;1;1307987852;
tenc.bat;393682053;1;920948505;
tencce.bat;2965710937;1;1037399808;
test.bat;2906363851;1;1228930451;
testce.bat;3998832596;1;1037399808;
testce2.bat;4055228012;1;1037399809;
testenc.bat;279908957;1;1037261334;
testencce.bat;1303062203;1;1037399809;
testpem.bat;2697085420;1;1037261335;
testpemce.bat;3967710824;1;1037399809;
testss.bat;4190610570;1;1107301715;
testssce.bat;1117845470;1;1037399809;
tlhelp32.h;2361949388;1;969685459;
tpem.bat;1329115703;1;920948505;
tpemce.bat;505755938;1;1037399809;
uplink.c;2692850292;1;1158608663;
uplink.h;2944833038;1;1116288508;
uplink.pl;3333104486;1;1117537215;
x86asm.bat;618244229;1;1146788538;
version32.rc;1800527146;1;1309207196;
