SCMBranch=External Dependencies
SCMRepository=External Dependencies/src/openssl/crypto/pkcs7
SCMMainlineUUID={49768a25-3559-48c3-b9a1-b43d4686e928}
SCMBranchRepositoryID=935
Makefile;3246853461;1;1221671463;
bio_ber.c;3124205981;1;1112914415;
dec.c;3256171159;1;949672884;
des.pem;1895413614;1;914237982;
doc;259191525;1;914237552;
enc.c;2164492523;1;982598585;
es1.pem;1737225406;1;914237982;
example.c;2135277772;1;1080125442;
example.h;2246674534;1;928426056;
info.pem;37502088;1;914237982;
infokey.pem;3911961326;1;914237982;
pk7_asn1.c;2894856463;1;1225910208;
pk7_attr.c;4225145199;1;1225910208;
pk7_dgst.c;3193737322;1;924905503;
pk7_doit.c;2798725892;1;1276348734;
pk7_enc.c;2937092262;1;924905503;
pk7_lib.c;1504641806;1;1276348734;
pk7_mime.c;3047391427;1;1276348734;
pk7_smime.c;2591233408;1;1237124161;
pkcs7.h;2064451447;1;1123193405;
pkcs7err.c;4259280224;1;1164140083;
server.pem;1102593807;1;914237552;
sign.c;1294203401;1;982598585;
verify.c;2380668685;1;1027521780;
