SCMBranch=External Dependencies
SCMRepository=External Dependencies/src/openssl/doc/crypto
SCMMainlineUUID={49768a25-3559-48c3-b9a1-b43d4686e928}
SCMBranchRepositoryID=968
ASN1_OBJECT_new.pod;3535004166;1;1269735446;
ASN1_STRING_length.pod;591027718;1;1269735447;
ASN1_STRING_new.pod;2373112671;1;1269735447;
ASN1_STRING_print_ex.pod;2813418329;1;1170498450;
ASN1_generate_nconf.pod;3071499160;1;1269735447;
BIO_ctrl.pod;2460455560;1;969318332;
BIO_f_base64.pod;2599217210;1;1130969963;
BIO_f_buffer.pod;3306796150;1;1272900578;
BIO_f_cipher.pod;408201835;1;1046350966;
BIO_f_md.pod;3463210115;1;999843217;
BIO_f_null.pod;1224172051;1;968933680;
BIO_f_ssl.pod;1430442175;1;1070029951;
BIO_find_type.pod;3851134528;1;968933680;
BIO_new.pod;3563597079;1;969118757;
BIO_push.pod;1754960234;1;968933680;
BIO_read.pod;3079577431;1;969118757;
BIO_s_accept.pod;3027417603;1;1039730929;
BIO_s_bio.pod;3983544488;1;1053680939;
BIO_s_connect.pod;1582243660;1;971992940;
BIO_s_fd.pod;4293978667;1;969218417;
BIO_s_file.pod;3565984259;1;969318333;
BIO_s_mem.pod;4102869942;1;969120022;
BIO_s_null.pod;4266736372;1;968933679;
BIO_s_socket.pod;3866099666;1;971992941;
BIO_set_callback.pod;3905070824;1;1165396347;
BIO_should_retry.pod;86057414;1;1270565140;
BN_BLINDING_new.pod;2225216880;1;1114554816;
BN_CTX_new.pod;3527358250;1;1032960806;
BN_CTX_start.pod;1146484696;1;963347745;
BN_add.pod;1148194913;1;1032959395;
BN_add_word.pod;1435717529;1;1122332148;
BN_bn2bin.pod;4173009969;1;1032960806;
BN_cmp.pod;875015323;1;948936305;
BN_copy.pod;561919498;1;1032960806;
BN_generate_prime.pod;3546226666;1;1042463902;
BN_mod_inverse.pod;1028433553;1;1032960806;
BN_mod_mul_montgomery.pod;686419779;1;1032960806;
BN_mod_mul_reciprocal.pod;3434977564;1;1032960806;
BN_new.pod;2569571044;1;1078562616;
BN_num_bytes.pod;1924650020;1;1088685219;
BN_rand.pod;200506958;1;1032960806;
BN_set_bit.pod;3880752617;1;951393306;
BN_swap.pod;320493677;1;975257217;
BN_zero.pod;1972318375;1;1027018485;
CONF_modules_free.pod;3352866764;1;1166735504;
CONF_modules_load_file.pod;1678696115;1;1078234292;
CRYPTO_set_ex_data.pod;3709201012;1;1269735447;
DH_generate_key.pod;1385416411;1;1032960807;
DH_generate_parameters.pod;1738299926;1;1032960807;
DH_get_ex_new_index.pod;3494826655;1;1026329746;
DH_new.pod;3395739173;1;1032960807;
DH_set_method.pod;1651547298;1;1195463881;
DH_size.pod;2037253815;1;951393306;
DSA_SIG_new.pod;1894618395;1;1032960807;
DSA_do_sign.pod;3412159649;1;1032960807;
DSA_dup_DH.pod;928966019;1;1032960807;
DSA_generate_key.pod;3423190773;1;1032960807;
DSA_generate_parameters.pod;1783138901;1;1032960807;
DSA_get_ex_new_index.pod;2946623026;1;949270605;
DSA_new.pod;1293238749;1;1032960807;
DSA_set_method.pod;527179272;1;1195463881;
DSA_sign.pod;3945011964;1;1032960807;
DSA_size.pod;1612901132;1;1028564820;
ERR_GET_LIB.pod;876750232;1;949369018;
ERR_clear_error.pod;2567004620;1;949369018;
ERR_error_string.pod;262216936;1;1100445097;
ERR_get_error.pod;140531151;1;1038579714;
ERR_load_crypto_strings.pod;710008178;1;951393308;
ERR_load_strings.pod;4287410194;1;951393308;
ERR_print_errors.pod;2622086412;1;949369019;
ERR_put_error.pod;277802204;1;951393308;
ERR_remove_state.pod;304626588;1;958722882;
ERR_set_mark.pod;1594894010;1;1055364709;
EVP_BytesToKey.pod;3391351968;1;1101404850;
EVP_DigestInit.pod;3750036669;1;1255706947;
EVP_EncryptInit.pod;2711644880;1;1113580895;
EVP_OpenInit.pod;1981702331;1;969693374;
EVP_PKEY_new.pod;4221962725;1;1034011860;
EVP_PKEY_set1_RSA.pod;4239900315;1;1034011860;
EVP_SealInit.pod;439215656;1;1112118608;
EVP_SignInit.pod;1025062242;1;1111514133;
EVP_VerifyInit.pod;77582887;1;1026329746;
OBJ_nid2obj.pod;2288444856;1;1269735447;
OPENSSL_Applink.pod;3248515191;1;1119563132;
OPENSSL_VERSION_NUMBER.pod;4055484385;1;1010157760;
OPENSSL_config.pod;4152824814;1;1117754258;
OPENSSL_ia32cap.pod;1600246035;1;1194811809;
OPENSSL_load_builtin_modules.pod;2216930896;1;1078234292;
OpenSSL_add_all_algorithms.pod;3409591126;1;1072537492;
PKCS12_create.pod;3489368668;1;1034183735;
PKCS12_parse.pod;1669859796;1;1242571737;
PKCS7_decrypt.pod;3505473626;1;1269735447;
PKCS7_encrypt.pod;1889510674;1;1269735447;
PKCS7_sign.pod;1909321327;1;1269735447;
PKCS7_verify.pod;1652153020;1;1269735448;
RAND_add.pod;1272823731;1;953739003;
RAND_bytes.pod;832179134;1;1190369447;
RAND_cleanup.pod;1954967961;1;948936306;
RAND_egd.pod;2718614634;1;1226316406;
RAND_load_file.pod;3230282074;1;985188356;
RAND_set_rand_method.pod;1538028595;1;1195463881;
RSA_blinding_on.pod;3978359228;1;951393310;
RSA_check_key.pod;1698085469;1;1032960807;
RSA_generate_key.pod;1039577421;1;1032960807;
RSA_get_ex_new_index.pod;300865067;1;1165396347;
RSA_new.pod;2862275673;1;1032960807;
RSA_padding_add_PKCS1_type_1.pod;4133321589;1;951393311;
RSA_print.pod;4028587567;1;1072537492;
RSA_private_encrypt.pod;2530238331;1;1032960808;
RSA_public_encrypt.pod;2372136742;1;1080075694;
RSA_set_method.pod;3807647476;1;1195463881;
RSA_sign.pod;981000257;1;1114076589;
RSA_sign_ASN1_OCTET_STRING.pod;3909291894;1;1032960808;
RSA_size.pod;2395228711;1;1028564821;
SMIME_read_PKCS7.pod;2339549981;1;1269735448;
SMIME_write_PKCS7.pod;1640753880;1;1269735448;
X509_NAME_ENTRY_get_object.pod;303388193;1;1269735448;
X509_NAME_add_entry_by_txt.pod;4209164505;1;1269735448;
X509_NAME_get_index_by_NID.pod;4110252775;1;1269735448;
X509_NAME_print_ex.pod;1996175541;1;1190632951;
X509_new.pod;975554168;1;1269735448;
bio.pod;3954136387;1;987109891;
blowfish.pod;2668836044;1;1108808778;
bn.pod;423130654;1;1114787254;
bn_internal.pod;2653685761;1;1269735448;
buffer.pod;3998388747;1;969420534;
crypto.pod;2436514556;1;1033909165;
d2i_ASN1_OBJECT.pod;3973650123;1;1034165171;
d2i_DHparams.pod;2755945429;1;1033907049;
d2i_DSAPublicKey.pod;2362702997;1;1071064671;
d2i_PKCS8PrivateKey.pod;135125938;1;1033996019;
d2i_RSAPublicKey.pod;1497057940;1;1071066715;
d2i_X509.pod;3758872096;1;1252798459;
d2i_X509_ALGOR.pod;2971218150;1;1034165171;
d2i_X509_CRL.pod;2088771849;1;1252798459;
d2i_X509_NAME.pod;909538233;1;1034183999;
d2i_X509_REQ.pod;3664153565;1;1252798459;
d2i_X509_SIG.pod;2635771592;1;1034165172;
des.pod;1134520817;1;1065020565;
des_modes.pod;1104040382;1;1172564811;
dh.pod;2666887226;1;1028564821;
dsa.pod;768060948;1;1028564821;
ecdsa.pod;3456163674;1;1116536062;
engine.pod;972863821;1;1195463881;
err.pod;3318827151;1;1026329746;
evp.pod;3701227453;1;1028564821;
hmac.pod;2765053804;1;1247351753;
lh_stats.pod;3328646758;1;949270606;
lhash.pod;1164121221;1;1027018486;
md5.pod;4037077113;1;1161986388;
mdc2.pod;400949859;1;1161986388;
pem.pod;2408559296;1;1243940814;
rand.pod;2959404368;1;1028564821;
rc4.pod;2892995716;1;951494424;
ripemd.pod;3224664899;1;1161986388;
rsa.pod;4267867669;1;1028495316;
sha.pod;2914813904;1;1161986388;
threads.pod;3847024003;1;1119073943;
ui.pod;1572418480;1;1064942539;
ui_compat.pod;321844817;1;1269735448;
x509.pod;2637180459;1;1057826943;
