SCMBranch=External Dependencies
SCMRepository=External Dependencies/src/libxml2
SCMMainlineUUID={49768a25-3559-48c3-b9a1-b43d4686e928}
SCMBranchRepositoryID=211
acconfig.h;4155002407;1;1307034586;
acinclude.m4;1960121851;1;1307034586;
aclocal.m4;413237484;1;1307034586;
AUTHORS;829982360;1;1307034586;
c14n.c;1289259658;1;1307034586;
catalog.c;3390488586;1;1307034586;
ChangeLog;3107048985;1;1307034586;
check-relaxng-test-suite.py;13594424;1;1307034586;
check-relaxng-test-suite2.py;795273762;1;1307034586;
check-xinclude-test-suite.py;3560312542;1;1307034586;
check-xml-test-suite.py;232524374;1;1307034586;
check-xsddata-test-suite.py;2855840440;1;1307034587;
chvalid.c;3833196695;1;1307034587;
config.guess;3067364542;1;1307034587;
config.h.in;2496704009;1;1307034587;
config.sub;246738391;1;1307034587;
configure;3382589476;1;1307034587;
configure.in;3226571332;1;1307034587;
COPYING;1326947722;1;1307034587;
Copyright;1326947722;1;1307034587;
dbgen.pl;1963945974;1;1307034587;
dbgenattr.pl;504914898;1;1307034587;
debugXML.c;3011352457;1;1307034587;
depcomp;3550193861;1;1307034587;
dict.c;1476709812;1;1307034587;
DOCBparser.c;3600005341;1;1307034587;
elfgcchack.h;3115448465;1;1307034587;
encoding.c;1386982725;1;1307034587;
entities.c;2088204200;1;1307034587;
error.c;3884569833;1;1307034587;
gentest.py;397019984;1;1307034587;
genUnicode.py;4051690674;1;1307034587;
globals.c;2821690981;1;1307034587;
hash.c;774284931;1;1307034587;
HTMLparser.c;4108220618;1;1307034588;
HTMLtree.c;725253544;1;1307034588;
INSTALL;3208482285;1;1307034588;
install-sh;3845668744;1;1307034588;
legacy.c;1632399174;1;1307034588;
libxml-2.0-uninstalled.pc.in;1557916533;1;1307034588;
libxml-2.0.pc.in;2037823353;1;1307034588;
libxml.3;3192470603;1;1307034589;
libxml.h;1591402484;1;1307034589;
libxml.m4;3056522741;1;1307034589;
libxml.spec.in;4101183356;1;1307034589;
libxml2.spec;1473910424;1;1307034589;
libxml2.syms;1101987583;1;1307034589;
list.c;1511454193;1;1307034589;
ltmain.sh;2270550278;1;1307034589;
Makefile.am;1901895396;1;1307034589;
Makefile.in;1196097852;1;1307034589;
Makefile.tests;3415770381;1;1307034589;
missing;792863623;1;1307034589;
mkinstalldirs;221202622;1;1307034589;
nanoftp.c;1373681568;1;1307034589;
nanohttp.c;1165606880;1;1307034589;
NEWS;1699007390;1;1307034589;
parser.c;3022436551;1;1307034589;
parserInternals.c;1266407943;1;1307034589;
pattern.c;2408295674;1;1307034589;
README;929566499;1;1307034589;
README.tests;1737821182;1;1307034589;
regressions.py;796115133;1;1307034589;
regressions.xml;322905458;1;1307034589;
relaxng.c;3635607821;1;1307034589;
runsuite.c;1491922583;1;1307034590;
runtest.c;133857598;1;1307034590;
runxmlconf.c;4056367012;1;1307034590;
SAX.c;1428543154;1;1307034590;
SAX2.c;213544869;1;1307034590;
schematron.c;456393874;1;1307034591;
testapi.c;1272244599;1;1307034591;
testAutomata.c;407442837;1;1307034591;
testC14N.c;1490573306;1;1307034591;
testchar.c;1508766792;1;1307034591;
testdict.c;1508044639;1;1307034591;
testdso.c;1266507672;1;1307034591;
testHTML.c;84334132;1;1307034591;
testModule.c;1461481070;1;1307034591;
testReader.c;2211118295;1;1307034591;
testrecurse.c;2963031161;1;1307034591;
testRegexp.c;1905418551;1;1307034591;
testRelax.c;1110412123;1;1307034591;
testSAX.c;4106907312;1;1307034591;
testSchemas.c;330763348;1;1307034592;
testThreads.c;2075240298;1;1307034592;
testThreadsWin32.c;1198502518;1;1307034592;
testURI.c;1884624083;1;1307034592;
testXPath.c;466580463;1;1307034592;
threads.c;1739617806;1;1307034592;
TODO;3830122405;1;1307034592;
TODO_SCHEMAS;1037372454;1;1307034592;
tree.c;1818146122;1;1307034592;
trio.c;843727991;1;1307034592;
trio.h;1689276551;1;1307034592;
triodef.h;1314789975;1;1307034592;
trionan.c;4064747559;1;1307034594;
trionan.h;388728936;1;1307034595;
triop.h;1113159205;1;1307034595;
triostr.c;2054648664;1;1307034595;
triostr.h;3939235131;1;1307034595;
uri.c;2002786019;1;1307034595;
valid.c;2847106478;1;1307034595;
xinclude.c;4267143745;1;1307034595;
xlink.c;1328088942;1;1307034595;
xml2-config.1;1949072514;1;1307034595;
xml2-config.in;3357068315;1;1307034595;
xml2Conf.sh.in;767392285;1;1307034595;
xmlcatalog.c;525237803;1;1307034595;
xmlIO.c;673144041;1;1307034595;
xmllint.c;1203587773;1;1307034595;
xmlmemory.c;1458540461;1;1307034595;
xmlmodule.c;3450543173;1;1307034595;
xmlreader.c;211570593;1;1307034595;
xmlregexp.c;1915438516;1;1307034595;
xmlsave.c;3046642359;1;1307034595;
xmlschemas.c;1447354876;1;1307034595;
xmlschemastypes.c;457286517;1;1307034595;
xmlstring.c;1942940307;1;1307034595;
xmlunicode.c;4039230828;1;1307034595;
xmlwriter.c;2026452308;1;1307034595;
xpath.c;2462237342;1;1307034595;
xpointer.c;2357222395;1;1307034595;
config.h;2304549376;1;1309207285;
