SCMBranch=External Dependencies
SCMRepository=External Dependencies/src/openssl/apps
SCMMainlineUUID={49768a25-3559-48c3-b9a1-b43d4686e928}
SCMBranchRepositoryID=736
CA.com;4101116264;1;1269520195;
CA.pl;2399129170;1;1297185196;
CA.pl.in;3481645229;1;1146184131;
CA.sh;2286333516;1;1255627682;
Makefile;2095910832;1;1255616073;
app_rand.c;2476220649;1;982656799;
apps.c;2965379145;1;1276348724;
apps.h;2968161884;1;1227543253;
asn1pars.c;2731905291;1;1225910195;
ca-cert.srl;2885186984;1;971736970;
ca-key.pem;3064600314;1;914237559;
ca-req.pem;447263324;1;914237559;
ca.c;1685724059;1;1263491086;
cert.pem;2367814503;1;914237761;
ciphers.c;902591166;1;1112728278;
client.pem;1268376765;1;914237559;
cms.c;1044328684;1;1209684663;
crl.c;3987810978;1;1224705325;
crl2p7.c;2185299989;1;1038933174;
dgst.c;2375335257;1;1224701497;
dh.c;186152014;1;1276348724;
dh1024.pem;1356684005;1;965207084;
dh2048.pem;1663278320;1;965207084;
dh4096.pem;1199848701;1;965207084;
dh512.pem;1738448916;1;965207084;
dhparam.c;1613947265;1;1276348724;
dsa-ca.pem;3780048689;1;915902974;
dsa-pca.pem;3485265874;1;915902974;
dsa.c;3006145301;1;1265119385;
dsa1024.pem;355763101;1;914237560;
dsa512.pem;3456077553;1;914237560;
dsap.pem;3029737246;1;914237762;
dsaparam.c;439667222;1;1276348724;
ec.c;1261959539;1;1276348724;
ecparam.c;8513791;1;1276348724;
enc.c;3596818941;1;1276348724;
engine.c;3661577067;1;1234712806;
errstr.c;2863451075;1;1038933176;
gendh.c;4190827899;1;1276348724;
gendsa.c;1361130605;1;1276348724;
genrsa.c;4204444673;1;1276348725;
install.com;1253131953;1;1258045158;
makeapps.com;926344188;1;1266911499;
nseq.c;4036712120;1;1225910195;
ocsp.c;2256796801;1;1225910195;
oid.cnf;3609081457;1;914238020;
openssl-vms.cnf;1184166537;1;1146744955;
openssl.c;4285731056;1;1255627682;
openssl.cnf;1558987595;1;1126873224;
passwd.c;782119303;1;1119964066;
pca-cert.srl;2885186984;1;971736970;
pca-key.pem;3562770053;1;914237561;
pca-req.pem;3774808151;1;914237561;
pkcs12.c;3071320027;1;1245239750;
pkcs7.c;1582139255;1;1276348725;
pkcs8.c;235421206;1;1225910195;
prime.c;1808416763;1;1121512383;
privkey.pem;3665742797;1;914238015;
progs.h;1874511480;1;1207263821;
progs.pl;3972162328;1;1207263821;
rand.c;1294519781;1;1276348725;
req.c;3263456325;1;1268228915;
req.pem;751798146;1;914237765;
rsa.c;3476441147;1;1177372197;
rsa8192.pem;1041275990;1;914237561;
rsautl.c;1335818352;1;1225910195;
s1024key.pem;1629683232;1;914237561;
s1024req.pem;4029810782;1;914237561;
s512-key.pem;3562210166;1;914237561;
s512-req.pem;3667013496;1;914237561;
s_apps.h;4213730570;1;1252086809;
s_cb.c;4087240652;1;1257691912;
s_client.c;1111257985;1;1260995659;
s_server.c;1444070014;1;1276348725;
s_socket.c;1429439946;1;1278552205;
s_time.c;3021547683;1;1072536017;
server.pem;595872412;1;971736970;
server.srl;4255306286;1;914237766;
server2.pem;1305329833;1;914237561;
sess_id.c;561509151;1;1112728278;
smime.c;3679871735;1;1225910195;
speed.c;4027426700;1;1278552205;
spkac.c;3968430140;1;1231325302;
testCA.pem;4091718669;1;914237562;
testdsa.h;3732193893;1;994877965;
testrsa.h;3759662035;1;952903622;
timeouts.h;2283193646;1;1114531350;
verify.c;1502796195;1;1231325302;
version.c;2586274686;1;1224507213;
winrand.c;3915550342;1;1037202103;
x509.c;1619417233;1;1276348725;
md4.c;1047335058;1;1297185193;
