SCMBranch=External Dependencies
SCMRepository=External Dependencies/src/libxml2/doc/devhelp
SCMMainlineUUID={49768a25-3559-48c3-b9a1-b43d4686e928}
SCMBranchRepositoryID=214
devhelp.xsl;2753192286;1;1307034599;
general.html;1030431681;1;1307034599;
home.png;2676720508;1;1307034599;
html.xsl;364326916;1;1307034599;
index.html;3414977572;1;1307034599;
left.png;2199798807;1;1307034599;
libxml2-c14n.html;3686845362;1;1307034599;
libxml2-catalog.html;907218252;1;1307034599;
libxml2-chvalid.html;700497182;1;1307034599;
libxml2-debugXML.html;2275547379;1;1307034599;
libxml2-dict.html;452238076;1;1307034599;
libxml2-DOCBparser.html;4020565548;1;1307034599;
libxml2-encoding.html;180051817;1;1307034599;
libxml2-entities.html;2853594888;1;1307034599;
libxml2-globals.html;3962185087;1;1307034599;
libxml2-hash.html;1723814141;1;1307034599;
libxml2-HTMLparser.html;1208677160;1;1307034599;
libxml2-HTMLtree.html;3675913449;1;1307034599;
libxml2-list.html;216478980;1;1307034599;
libxml2-nanoftp.html;949985334;1;1307034599;
libxml2-nanohttp.html;1527136638;1;1307034599;
libxml2-parser.html;3506725611;1;1307034599;
libxml2-parserInternals.html;1187103480;1;1307034599;
libxml2-pattern.html;1275421281;1;1307034599;
libxml2-relaxng.html;3126673017;1;1307034599;
libxml2-SAX.html;20557031;1;1307034600;
libxml2-SAX2.html;3192499817;1;1307034600;
libxml2-schemasInternals.html;64651069;1;1307034600;
libxml2-schematron.html;139758394;1;1307034600;
libxml2-threads.html;2133248544;1;1307034600;
libxml2-tree.html;1042900522;1;1307034600;
libxml2-uri.html;273041286;1;1307034600;
libxml2-valid.html;2055324898;1;1307034600;
libxml2-xinclude.html;2710890012;1;1307034600;
libxml2-xlink.html;4156341165;1;1307034600;
libxml2-xmlautomata.html;3732631244;1;1307034600;
libxml2-xmlerror.html;734469472;1;1307034600;
libxml2-xmlexports.html;554370500;1;1307034600;
libxml2-xmlIO.html;955671667;1;1307034600;
libxml2-xmlmemory.html;4232094461;1;1307034600;
libxml2-xmlmodule.html;2001986958;1;1307034600;
libxml2-xmlreader.html;4202511983;1;1307034600;
libxml2-xmlregexp.html;515636615;1;1307034600;
libxml2-xmlsave.html;2347890341;1;1307034600;
libxml2-xmlschemas.html;2210294394;1;1307034600;
libxml2-xmlschemastypes.html;1507398396;1;1307034600;
libxml2-xmlstring.html;3934267884;1;1307034600;
libxml2-xmlunicode.html;2731753130;1;1307034600;
libxml2-xmlversion.html;1515500896;1;1307034600;
libxml2-xmlwriter.html;2131965230;1;1307034600;
libxml2-xpath.html;2362833735;1;1307034600;
libxml2-xpathInternals.html;1165749770;1;1307034600;
libxml2-xpointer.html;832391546;1;1307034600;
libxml2.devhelp;1664435028;1;1307034600;
Makefile.am;1100727220;1;1307034600;
Makefile.in;2029260575;1;1307034600;
right.png;1805428332;1;1307034601;
style.css;2472700706;1;1307034601;
up.png;84695619;1;1307034601;
