SCMBranch=External Dependencies
SCMRepository=External Dependencies/src/cairo/cairo/perf/micro
SCMMainlineUUID={49768a25-3559-48c3-b9a1-b43d4686e928}
SCMBranchRepositoryID=768
mosaic.h;1264208519;1;1276861631;
world-map.h;1724287295;1;1276861631;
zrusin-another.h;3488550363;1;1276861631;
box-outline.c;2560340113;2;1254507730;
cairo-perf-cover.c;349649640;2;1254507730;
composite-checker.c;720266643;2;1254507730;
dragon.c;3622660187;2;1254507730;
fill.c;3061507433;2;1254507730;
glyphs.c;2101843185;2;1254507730;
intersections.c;3261136820;2;1254507730;
long-dashed-lines.c;3858771992;2;1254507730;
long-lines.c;291377386;2;1254507730;
mask.c;581964872;2;1254507730;
mosaic.c;2917234933;2;1254507730;
paint-with-alpha.c;832465795;2;1254507730;
paint.c;1935652503;2;1254507730;
pattern_create_radial.c;2817397317;2;1254507730;
pythagoras-tree.c;2736012459;2;1254507730;
rectangles.c;538014507;2;1254507730;
rounded-rectangles.c;1793963252;2;1254507730;
spiral.c;2504940945;2;1254507730;
stroke.c;2786630454;2;1254507730;
subimage_copy.c;3038821692;2;1254507730;
tessellate.c;707458100;2;1254507730;
text.c;479253306;2;1254507730;
twin.c;2237879763;2;1254507730;
unaligned-clip.c;2165967311;2;1254507730;
world-map.c;270112889;2;1254507730;
zrusin.c;2021031238;2;1254507730;
