SCMBranch=External Dependencies
SCMRepository=External Dependencies/src/openssl/crypto/bn
SCMMainlineUUID={49768a25-3559-48c3-b9a1-b43d4686e928}
SCMBranchRepositoryID=904
Makefile;1788369982;1;1221671456;
bn.h;1000906098;1;1224340055;
bn.mul;1780579789;1;914237943;
bn_add.c;2231603613;1;1070711746;
bn_asm.c;2395069222;1;1123177378;
bn_blind.c;2722100423;1;1175040858;
bn_const.c;1784053423;1;1128534820;
bn_ctx.c;265625799;1;1114809631;
bn_depr.c;3245510497;1;1067405731;
bn_div.c;1440035019;1;1267364235;
bn_err.c;3235361979;1;1176995679;
bn_exp.c;611003656;1;1245237999;
bn_exp2.c;4260122560;1;1286839732;
bn_gcd.c;929321239;1;1181579630;
bn_gf2m.c;176130326;1;1266921401;
bn_kron.c;1320770922;1;1070320305;
bn_lcl.h;2025308105;1;1194813803;
bn_lib.c;87292928;1;1221563304;
bn_mod.c;3483931169;1;1077478241;
bn_mont.c;3822185688;1;1209754039;
bn_mpi.c;3017796620;1;1067986489;
bn_mul.c;129526945;1;1276348728;
bn_nist.c;2588229086;1;1230644468;
bn_opt.c;301508880;1;1221563304;
bn_prime.c;3428532618;1;1190148910;
bn_prime.h;862374767;1;1190148910;
bn_prime.pl;1148118855;1;1190148910;
bn_print.c;663901725;1;1170523934;
bn_rand.c;3406750749;1;1224340056;
bn_recp.c;576048088;1;1125271243;
bn_shift.c;3947716083;1;1225201658;
bn_sqr.c;3509626142;1;1125271243;
bn_sqrt.c;1728883819;1;1124770495;
bn_word.c;2860868323;1;1122332147;
bn_x931p.c;3377535720;1;1225910201;
bnspeed.c;1387351507;1;983959434;
bntest.c;3433819942;1;1254356543;
divtest.c;276929340;1;1037272912;
exp.c;4278032258;1;947872536;
expspeed.c;3569093595;1;1116207809;
exptest.c;3321485560;1;1116207809;
todo;3981916071;1;914237943;
vms-helper.c;261188625;1;982656774;
