SCMBranch=External Dependencies
SCMRepository=External Dependencies/src/icu/source/i18n/unicode
SCMMainlineUUID={49768a25-3559-48c3-b9a1-b43d4686e928}
SCMBranchRepositoryID=803
basictz.h;3014140136;1;1215802411;
calendar.h;2164373668;1;1215802411;
choicfmt.h;1732505255;1;1215802411;
coleitr.h;2863019586;1;1215802411;
coll.h;3670998541;1;1215802411;
curramt.h;2057950490;1;1157065503;
currunit.h;1612202015;1;1157065503;
datefmt.h;3443198775;1;1215802411;
dcfmtsym.h;181065628;1;1207088262;
decimfmt.h;2945690769;1;1240951101;
dtfmtsym.h;2679114951;1;1223054309;
dtitvfmt.h;475823171;1;1215802411;
dtitvinf.h;11916925;1;1215802411;
dtptngen.h;2952066388;1;1237587907;
dtrule.h;3279450760;1;1215802412;
fieldpos.h;2913498033;1;1207088263;
fmtable.h;623613550;1;1157065504;
format.h;1492171035;1;1157065504;
gregocal.h;3019336855;1;1157065504;
measfmt.h;1121665042;1;1157065504;
measunit.h;1673003172;1;1157065504;
measure.h;110163536;1;1157065504;
msgfmt.h;464333903;1;1215802412;
numfmt.h;3356021293;1;1240951101;
plurfmt.h;1925127267;1;1215802412;
plurrule.h;718830993;1;1215802412;
rbnf.h;613361777;1;1157065504;
rbtz.h;1236237561;1;1215802412;
regex.h;3189862622;1;1215802412;
search.h;4224442043;1;1215802412;
simpletz.h;3563585864;1;1215802412;
smpdtfmt.h;560763184;1;1242857433;
sortkey.h;4275278274;1;1157065505;
stsearch.h;22384656;1;1215802412;
tblcoll.h;167033975;1;1215802412;
timezone.h;469909413;1;1215802412;
translit.h;2450513735;1;1215802412;
tzrule.h;2456263610;1;1215802412;
tztrans.h;1754953435;1;1215802412;
ucal.h;3443233698;1;1232869382;
ucol.h;1424339495;1;1215802412;
ucoleitr.h;310136340;1;1215802412;
ucsdet.h;3776751705;1;1207088263;
ucurr.h;2844044219;1;1215802412;
udat.h;1414812263;1;1240043662;
udatpg.h;2924359560;1;1246040994;
ulocdata.h;3372079865;1;1246040994;
umsg.h;3055343245;1;1157065506;
unirepl.h;1222991127;1;1123802463;
unum.h;3516220519;1;1215802412;
uregex.h;1522182913;1;1215802412;
usearch.h;2248170507;1;1215802412;
utmscale.h;2139220755;1;1215802412;
utrans.h;2745171358;1;1123802464;
vtzone.h;506859973;1;1215802412;
