SCMBranch=External Dependencies
SCMRepository=External Dependencies/src/openssl/crypto/des
SCMMainlineUUID={49768a25-3559-48c3-b9a1-b43d4686e928}
SCMBranchRepositoryID=911
COPYRIGHT;2263419910;1;914237549;
DES.pm;1475883751;1;914237549;
DES.xs;207594144;1;914237549;
FILES0;1171685313;1;1032684243;
INSTALL;3796692004;1;1170791316;
Imakefile;1953714353;1;914237549;
KERBEROS;3624728303;1;914237549;
Makefile;4268264283;1;1225046520;
README;2807013130;1;914237549;
VERSION;1147515712;1;914237955;
cbc3_enc.c;4231013445;1;1003958425;
cbc_cksm.c;2060952896;1;1045070439;
cbc_enc.c;3831920621;1;928949310;
cfb64ede.c;3260698346;1;1099295918;
cfb64enc.c;3524586540;1;1003958425;
cfb_enc.c;635498462;1;1120841314;
des-lib.com;3906470375;1;1242405445;
des.c;2796625969;1;1038470611;
des.h;3240707604;1;1211284212;
des.pod;3042809900;1;953402108;
des3s.cpp;708876040;1;924910098;
des_enc.c;2808213191;1;1221563868;
des_lib.c;1052253721;1;1221563868;
des_locl.h;2187879131;1;1113425502;
des_old.c;226983669;1;1211282629;
des_old.h;3233541872;1;1211284212;
des_old2.c;934332206;1;1017160958;
des_opts.c;2593833371;1;1070025051;
des_ver.h;2718666394;1;1169385384;
dess.cpp;2362423750;1;985937214;
destest.c;1187976795;1;1119563632;
ecb3_enc.c;2921304840;1;1003958426;
ecb_enc.c;641027159;1;1221563868;
ede_cbcm_enc.c;533841740;1;1048202470;
enc_read.c;1437725855;1;1230643855;
enc_writ.c;2755290246;1;1230643855;
fcrypt.c;196892305;1;1067403503;
fcrypt_b.c;777536571;1;1015258084;
makefile.bc;3848385986;1;914237549;
ncbc_enc.c;2244889679;1;1003958427;
ofb64ede.c;854269651;1;1003958427;
ofb64enc.c;428921999;1;1003958427;
ofb_enc.c;1346292021;1;1003958427;
options.txt;1643846627;1;914237701;
pcbc_enc.c;1289455680;1;1003958427;
qud_cksm.c;2730088790;1;1003958427;
rand_key.c;705872185;1;1003992376;
read2pwd.c;3264674533;1;1084820475;
read_pwd.c;384782002;1;1038470612;
rpc_des.h;710390168;1;1274916233;
rpc_enc.c;643745934;1;1003958427;
rpw.c;2676126834;1;1003958427;
set_key.c;2613046019;1;1221997233;
speed.c;3103841667;1;1070025051;
spr.h;777701193;1;1015258084;
str2key.c;123200516;1;1084820475;
typemap;1618354731;1;914237549;
xcbc_enc.c;1770091502;1;1211226273;
