SCMBranch=External Dependencies
SCMRepository=External Dependencies/src/curl/lib
SCMMainlineUUID={49768a25-3559-48c3-b9a1-b43d4686e928}
SCMBranchRepositoryID=689
CMakeLists.txt;654159513;1;1307989938;
Makefile.Watcom;3980570335;1;1307989939;
Makefile.am;1597561973;1;1307989937;
Makefile.b32;3889496883;1;1307989937;
Makefile.in;2586287390;1;1307989939;
Makefile.inc;3601478857;1;1307989939;
Makefile.m32;2645993003;1;1307989937;
Makefile.netware;2462291857;1;1307989938;
Makefile.vc10;1238416399;1;1307989938;
Makefile.vc6;3457783120;1;1307989938;
Makefile.vc8;511801491;1;1307989938;
Makefile.vc9;2021761331;1;1307989937;
Makefile.vxworks;687081937;1;1307989939;
README.ares;1287774441;1;1307989939;
README.curl_off_t;3737551874;1;1307989938;
README.curlx;288800433;1;1307989938;
README.encoding;2539637657;1;1307989938;
README.hostip;2865395019;1;1307989938;
README.httpauth;2768401918;1;1307989938;
README.memoryleak;186636768;1;1307989938;
README.multi_socket;1621591194;1;1307989939;
README.pingpong;814971299;1;1307989939;
README.pipelining;2054674300;1;1307989938;
amigaos.c;175038160;1;1307989938;
amigaos.h;2443246674;1;1307989938;
arpa_telnet.h;1682638077;1;1307989938;
axtls.c;157317859;1;1307989939;
axtls.h;148045989;1;1307989939;
base64.c;2006927763;1;1307989939;
config-amigaos.h;258520444;1;1307989938;
config-dos.h;2720904413;1;1307989939;
config-mac.h;927368256;1;1307989937;
config-os400.h;2735376553;1;1307989937;
config-riscos.h;228429403;1;1307989937;
config-symbian.h;1944403918;1;1307989939;
config-tpf.h;4174733377;1;1307989938;
config-vms.h;1787533044;1;1307989938;
config-vxworks.h;117623289;1;1307989938;
config-win32.h;1754461905;1;1307989938;
config-win32ce.h;2507098110;1;1307989939;
connect.c;3465997523;1;1307989939;
connect.h;3041870137;1;1307989939;
content_encoding.c;2710637;1;1307989939;
content_encoding.h;401790675;1;1307989938;
cookie.c;2621099600;1;1307989937;
cookie.h;1664567607;1;1307989938;
curl_addrinfo.c;2499089886;1;1307989938;
curl_addrinfo.h;175054422;1;1307989938;
curl_base64.h;3428328551;1;1307989939;
curl_config.h.cmake;2316741875;1;1307989939;
curl_config.h.in;2644848424;1;1307989938;
curl_fnmatch.c;2323956729;1;1307989937;
curl_fnmatch.h;1687572699;1;1307989939;
curl_gethostname.c;2906624260;1;1307989939;
curl_gethostname.h;1936563313;1;1307989938;
curl_hmac.h;1314462403;1;1307989938;
curl_ldap.h;808830924;1;1307989938;
curl_md4.h;132521410;1;1307989938;
curl_md5.h;627931744;1;1307989939;
curl_memory.h;2688716186;1;1307989938;
curl_memrchr.c;3661888576;1;1307989937;
curl_memrchr.h;3502656290;1;1307989939;
curl_rand.c;452578469;1;1307989938;
curl_rand.h;22834552;1;1307989938;
curl_rtmp.c;4097167617;1;1307989938;
curl_rtmp.h;265693776;1;1307989938;
curl_sspi.c;911797104;1;1307989939;
curl_sspi.h;989913589;1;1307989937;
curl_threads.c;384358455;1;1307989938;
curl_threads.h;3030654448;1;1307989939;
curlx.h;3585060774;1;1307989939;
cyassl.c;4170500587;1;1307989938;
cyassl.h;253598299;1;1307989938;
dict.c;1723547750;1;1307989939;
dict.h;3472957284;1;1307989937;
easy.c;3442427818;1;1307989939;
easyif.h;3878572524;1;1307989937;
escape.c;2693366578;1;1307989937;
escape.h;657056072;1;1307989939;
file.c;1966163151;1;1307989938;
file.h;846090142;1;1307989939;
fileinfo.c;839247012;1;1307989939;
fileinfo.h;3948350361;1;1307989937;
firefox-db2pem.sh;306363241;1;1307989938;
formdata.c;3392523293;1;1307989939;
formdata.h;174537357;1;1307989938;
ftp.c;4184945904;1;1307989938;
ftp.h;1116836591;1;1307989938;
ftplistparser.c;2290149536;1;1307989939;
ftplistparser.h;848728287;1;1307989939;
getenv.c;1093752262;1;1307989938;
getinfo.c;1457143849;1;1307989939;
getinfo.h;3914805761;1;1307989938;
gopher.c;1957376906;1;1307989939;
gopher.h;3598429815;1;1307989939;
gtls.c;441564942;1;1307989939;
gtls.h;22639060;1;1307989938;
hash.c;4073493762;1;1307989937;
hash.h;2797123704;1;1307989937;
hmac.c;1058445213;1;1307989937;
hostares.c;934426290;1;1307989938;
hostasyn.c;1130833919;1;1307989938;
hostip.c;3554754781;1;1307989938;
hostip.h;444481784;1;1307989938;
hostip4.c;1297297920;1;1307989938;
hostip6.c;3067760172;1;1307989938;
hostsyn.c;1229792177;1;1307989938;
hostthre.c;449079937;1;1307989939;
http.c;2233310042;1;1307989938;
http.h;473173031;1;1307989937;
http_chunks.c;3364901757;1;1307989939;
http_chunks.h;4114757103;1;1307989938;
http_digest.c;3466561547;1;1307989939;
http_digest.h;2344165086;1;1307989938;
http_negotiate.c;3934445797;1;1307989938;
http_negotiate.h;3959354277;1;1307989938;
http_negotiate_sspi.c;1098191652;1;1307989938;
http_ntlm.c;2451808262;1;1307989937;
http_ntlm.h;103826266;1;1307989938;
http_proxy.c;451548037;1;1307989938;
http_proxy.h;834248219;1;1307989939;
idn_win32.c;365884011;1;1307989938;
if2ip.c;2207458674;1;1307989938;
if2ip.h;2461212397;1;1307989938;
imap.c;4035666154;1;1307989938;
imap.h;2244043423;1;1307989938;
inet_ntop.c;746376269;1;1307989938;
inet_ntop.h;1103322899;1;1307989939;
inet_pton.c;3469258012;1;1307989937;
inet_pton.h;3530427917;1;1307989938;
krb4.c;3509305833;1;1307989939;
krb4.h;463414240;1;1307989937;
krb5.c;2125934639;1;1307989937;
ldap.c;983954490;1;1307989938;
libcurl.imp;4164450734;1;1307989938;
libcurl.plist;3629415935;1;1307989939;
libcurl.rc;4211217491;1;1307989939;
libcurl.vcproj;3273763355;1;1307989939;
llist.c;783014690;1;1307989937;
llist.h;3078128645;1;1307989938;
makefile.amiga;780466901;1;1307989938;
makefile.dj;4291677030;1;1307989938;
md4.c;3969876347;1;1307989937;
md5.c;1529395508;1;1307989939;
memdebug.c;2295461131;1;1307989939;
memdebug.h;763873411;1;1307989939;
mk-ca-bundle.pl;913701786;1;1307989939;
mk-ca-bundle.vbs;3959893755;1;1307989939;
mprintf.c;3083069180;1;1307989938;
msvcproj.foot;1575260652;1;1307989937;
msvcproj.head;3284368402;1;1307989938;
multi.c;1222425325;1;1307989939;
multiif.h;3385458549;1;1307989938;
netrc.c;3904391496;1;1307989938;
netrc.h;1055494560;1;1307989938;
non-ascii.c;2398031374;1;1307989938;
non-ascii.h;1222778445;1;1307989938;
nonblock.c;3089723626;1;1307989939;
nonblock.h;1020731457;1;1307989937;
nss.c;480521498;1;1307989938;
nssg.h;2189799233;1;1307989937;
nwlib.c;1758578647;1;1307989939;
nwos.c;1871296253;1;1307989938;
openldap.c;2093364406;1;1307989937;
parsedate.c;2488139044;1;1307989938;
parsedate.h;1835482174;1;1307989937;
pingpong.c;3247634645;1;1307989939;
pingpong.h;3886587478;1;1307989937;
polarssl.c;3786106883;1;1307989939;
polarssl.h;4251974753;1;1307989939;
pop3.c;1315372001;1;1307989939;
pop3.h;586406743;1;1307989937;
progress.c;4078628129;1;1307989939;
progress.h;2965037767;1;1307989938;
qssl.c;3890806048;1;1307989939;
qssl.h;2779916834;1;1307989938;
rawstr.c;2894973196;1;1307989937;
rawstr.h;774590243;1;1307989938;
rtsp.c;271393831;1;1307989939;
rtsp.h;1358682264;1;1307989937;
security.c;3121390365;1;1307989939;
select.c;4176120050;1;1307989938;
select.h;4127152984;1;1307989939;
sendf.c;567163157;1;1307989938;
sendf.h;3042623667;1;1307989937;
setup-os400.h;2171806599;1;1307989939;
setup.h;980179730;1;1307989938;
setup_once.h;2632204055;1;1307989938;
share.c;2472306147;1;1307989937;
share.h;607202069;1;1307989938;
slist.c;296529099;1;1307989938;
slist.h;1041832738;1;1307989937;
smtp.c;766561985;1;1307989939;
smtp.h;1304123271;1;1307989939;
sockaddr.h;1539966338;1;1307989938;
socks.c;1086498374;1;1307989939;
socks.h;2267724826;1;1307989938;
socks_gssapi.c;3998383617;1;1307989939;
socks_sspi.c;2670736004;1;1307989939;
speedcheck.c;3852685418;1;1307989939;
speedcheck.h;2290193905;1;1307989939;
splay.c;2928062517;1;1307989937;
splay.h;3465915997;1;1307989939;
ssh.c;1188856541;1;1307989938;
ssh.h;2793694604;1;1307989937;
sslgen.c;4088168504;1;1307989939;
sslgen.h;4285653194;1;1307989938;
ssluse.c;3842325597;1;1307989938;
ssluse.h;1745534501;1;1307989939;
strdup.c;3791272587;1;1307989937;
strdup.h;928332525;1;1307989938;
strequal.c;1413783713;1;1307989938;
strequal.h;2068928689;1;1307989938;
strerror.c;3480169218;1;1307989939;
strerror.h;1944672796;1;1307989939;
strtok.c;506075503;1;1307989939;
strtok.h;3221531412;1;1307989938;
strtoofft.c;3021102459;1;1307989938;
strtoofft.h;911700002;1;1307989939;
telnet.c;466773086;1;1307989939;
telnet.h;75088626;1;1307989939;
tftp.c;1075550417;1;1307989938;
tftp.h;2592083344;1;1307989938;
timeval.c;93195663;1;1307989939;
timeval.h;1965934257;1;1307989939;
transfer.c;212186160;1;1307989937;
transfer.h;1597260808;1;1307989938;
url.c;1002171588;1;1307989938;
url.h;4082706796;1;1307989937;
urldata.h;1341837618;1;1307989937;
vc6libcurl.dsp;3908404257;1;1307989938;
vc6libcurl.dsw;26446850;1;1307989939;
version.c;1971575492;1;1307989938;
warnless.c;4194729925;1;1307989939;
warnless.h;3575700585;1;1307989937;
wildcard.c;2468321300;1;1307989939;
wildcard.h;3849385906;1;1307989937;
