SCMBranch=External Dependencies
SCMRepository=External Dependencies/src/icu/source/samples/layout
SCMMainlineUUID={49768a25-3559-48c3-b9a1-b43d4686e928}
SCMBranchRepositoryID=817
FontMap.GDI;1020942135;1;1123802472;
FontMap.Gnome;4222245844;1;1123802472;
FontMap.cpp;2027378168;1;1207088265;
FontMap.h;2584539022;1;1057256026;
FontTableCache.cpp;866917127;1;1215802414;
FontTableCache.h;2740413792;1;1215802414;
GDIFontInstance.cpp;3023861111;1;1215802414;
GDIFontInstance.h;2828287345;1;1057256026;
GDIFontMap.cpp;3214355388;1;1076022279;
GDIFontMap.h;1972776190;1;1057256026;
GDIGUISupport.cpp;2096748142;1;1044480706;
GDIGUISupport.h;4088200765;1;1123802472;
GUISupport.h;1364830076;1;1123802472;
GnomeFontInstance.cpp;1062907148;1;1207088265;
GnomeFontInstance.h;4190136484;1;1207088265;
GnomeFontMap.cpp;1987525438;1;1207088265;
GnomeFontMap.h;1138888927;1;1207088265;
GnomeGUISupport.cpp;2819051373;1;1044480706;
GnomeGUISupport.h;1321026560;1;1123802472;
LayoutSample.rc;2667739464;1;1076022279;
Makefile.in;3426763483;1;1207088265;
RenderingSurface.h;2132178355;1;1057256026;
Sample.txt;1538261307;1;1123802472;
ScriptCompositeFontInstance.cpp;1230863222;1;1076022279;
ScriptCompositeFontInstance.h;3589667787;1;1123802472;
Surface.cpp;3594252071;1;1057256026;
Surface.h;1492085689;1;1057256026;
UnicodeReader.cpp;998991708;1;1123802472;
UnicodeReader.h;364777639;1;1044480706;
arraymem.h;2051889384;1;1207088265;
cgnomelayout.c;4151086234;1;1207088265;
clayout.c;3790703232;1;1207088265;
cmaps.cpp;4010660161;1;1057256026;
cmaps.h;484864784;1;1057256026;
gdiglue.cpp;2663355136;1;1207088265;
gdiglue.h;1189429644;1;1207088265;
gnomeglue.cpp;2350987003;1;1207088265;
gnomeglue.h;2319306217;1;1207088265;
gnomelayout.cpp;218671148;1;1207088265;
gsupport.h;748468784;1;1207088265;
layout.cpp;2278858197;1;1207088265;
layout.sln;2105574177;1;1207088265;
layout.vcproj;499905483;1;1207088265;
paragraph.cpp;2196213649;1;1207088265;
paragraph.h;3215766554;1;1207088265;
pflow.c;3699917777;1;1207088265;
pflow.h;2900171928;1;1207088265;
readme.html;808845396;1;1207088265;
resource.h;865576867;1;1057256027;
rsurface.cpp;4242758362;1;1207088265;
rsurface.h;1591854361;1;1207088265;
sfnt.h;1157316035;1;1044480706;
ucreader.cpp;2777449849;1;1207088265;
ucreader.h;3877720738;1;1207088265;
