SCMBranch=External Dependencies
SCMRepository=External Dependencies/src/libxslt
SCMMainlineUUID={49768a25-3559-48c3-b9a1-b43d4686e928}
SCMBranchRepositoryID=232
acconfig.h;247778851;1;1307034609;
aclocal.m4;2789600521;1;1307034609;
AUTHORS;4266963431;1;1307034609;
ChangeLog;791270733;1;1307034609;
config.guess;3772062384;1;1307034609;
config.h.in;813111506;1;1307034609;
config.sub;2848433536;1;1307034609;
configure;2881276309;1;1307034609;
configure.in;3642307639;1;1307034609;
COPYING;3069374772;1;1307034609;
Copyright;3069374772;1;1307034610;
depcomp;3550193861;1;1307034610;
FEATURES;2156762126;1;1307034610;
INSTALL;207194876;1;1307034610;
install-sh;730329325;1;1307034610;
libexslt.pc.in;450194906;1;1307034610;
libxslt.m4;1939376535;1;1307034610;
libxslt.pc.in;3016632706;1;1307034610;
libxslt.spec;2300722847;1;1307034610;
libxslt.spec.in;4197650196;1;1307034610;
ltmain.sh;2270550278;1;1307034611;
Makefile.am;3140148104;1;1307034611;
Makefile.in;3917807466;1;1307034611;
missing;839821282;1;1307034611;
NEWS;4220205171;1;1307034611;
README;401633981;1;1307034611;
TODO;2844879601;1;1307034611;
xslt-config.in;4589197;1;1307034611;
xsltConf.sh.in;1058317955;1;1307034611;
config.h;2096337286;1;1308071320;
