SCMBranch=External Dependencies
SCMRepository=External Dependencies/src/libiconv/m4
SCMMainlineUUID={49768a25-3559-48c3-b9a1-b43d4686e928}
SCMBranchRepositoryID=420
alloca.m4;2669391974;1;1307034575;
allocsa.m4;3619645013;1;1307034575;
canonicalize.m4;730466695;1;1307034575;
codeset.m4;1890954396;1;1307034575;
cp.m4;1473349629;1;1307034575;
eealloc.m4;3749538898;1;1307034575;
eilseq.m4;1314774076;1;1307034575;
endian.m4;3194565804;1;1307034575;
error.m4;2901919585;1;1307034576;
extensions.m4;854367911;1;1307034576;
full-header-path.m4;191565660;1;1307034576;
general.m4;782177235;1;1307034576;
gettext.m4;3953946318;1;1307034576;
glibc21.m4;3293473460;1;1307034576;
iconv.m4;803226176;1;1307034576;
intmax.m4;1344692998;1;1307034576;
inttypes-h.m4;867108133;1;1307034576;
inttypes_h.m4;211082334;1;1307034576;
isc-posix.m4;3637719407;1;1307034576;
lcmessage.m4;57864707;1;1307034576;
lib-ld.m4;1107180515;1;1307034576;
lib-link.m4;306103674;1;1307034576;
lib-prefix.m4;1803461427;1;1307034576;
libtool.m4;3728104906;1;1307034576;
ln.m4;3896162382;1;1307034576;
longdouble.m4;1086553346;1;1307034576;
longlong.m4;1279519344;1;1307034576;
mbstate_t.m4;2243210630;1;1307034576;
nls.m4;2888374705;1;1307034576;
onceonly.m4;1568047398;1;1307034576;
pathmax.m4;2000347883;1;1307034576;
po.m4;1668080272;1;1307034576;
printf-posix.m4;3188391405;1;1307034576;
progtest.m4;3051123652;1;1307034576;
proto.m4;3453891260;1;1307034576;
readlink.m4;2491089444;1;1307034576;
relocatable.m4;1788551747;1;1307034576;
setenv.m4;1719660388;1;1307034576;
signed.m4;2944307761;1;1307034576;
size_max.m4;2761406843;1;1307034576;
ssize_t.m4;2189996794;1;1307034576;
stdbool.m4;139798710;1;1307034576;
stdint.m4;3620732624;1;1307034576;
stdint_h.m4;1937768546;1;1307034576;
strerror.m4;3171304269;1;1307034576;
strerror_r.m4;2487019094;1;1307034576;
unistd_h.m4;3498807942;1;1307034576;
unlocked-io.m4;534737080;1;1307034576;
visibility.m4;725317095;1;1307034576;
wchar_t.m4;2907977809;1;1307034576;
wint_t.m4;3153584979;1;1307034576;
xreadlink.m4;569071362;1;1307034576;
