SCMBranch=External Dependencies
SCMRepository=External Dependencies/src/libpng/contrib/gregbook
SCMMainlineUUID={49768a25-3559-48c3-b9a1-b43d4686e928}
SCMBranchRepositoryID=713
COPYING;3797146235;1;1258670888;
LICENSE;2934006441;1;1258670888;
Makefile.mingw32;1743074110;1;1258670888;
Makefile.sgi;2163825883;1;1258670888;
Makefile.unx;3918598627;1;1258670888;
Makefile.w32;1768617904;1;1258670888;
README;1592327019;1;1258670888;
makevms.com;3450416474;1;1258670888;
readpng.c;1767748366;1;1258670888;
readpng.h;55382225;1;1258670888;
readpng2.c;1463249752;1;1258670888;
readpng2.h;1178225190;1;1258670888;
readppm.c;3746099449;1;1258670888;
rpng-win.c;2474601790;1;1258670888;
rpng-x.c;2672572870;1;1258670888;
rpng2-win.c;89642458;1;1258670888;
rpng2-x.c;4257864102;1;1258670888;
toucan.png;707488982;1;1258670888;
wpng.c;64137164;1;1258670888;
writepng.c;1032444479;1;1258670888;
writepng.h;626240046;1;1258670888;
