SCMBranch=External Dependencies
SCMRepository=External Dependencies/src/zlib
SCMMainlineUUID={49768a25-3559-48c3-b9a1-b43d4686e928}
SCMBranchRepositoryID=345
algorithm.txt;2309617175;1;1307034717;
crc32.h;420790017;1;1307034717;
gzio.c;365901042;1;1307034717;
inffixed.h;3477138495;1;1307034717;
zconf.in.h;3748324769;1;1307034718;
CMakeLists.txt;3901398313;1;1269803173;
gzclose.c;3563874655;1;1266106368;
gzguts.h;629830150;1;1271618912;
gzlib.c;2284796528;1;1271613202;
gzread.c;3889929561;1;1269789573;
gzwrite.c;1468978387;1;1268447245;
treebuild.xml;973270768;1;1271736741;
zconf.h.cmakein;2200344640;1;1271613486;
zconf.h.in;3924237450;1;1271613486;
zlib.3.pdf;464673605;1;1271736773;
zlib.pc.in;2798544545;1;1271573295;
zlib2ansi;371449232;1;1160844347;
adler32.c;3694356671;2;1186381014;
ChangeLog;3943563070;2;1271736784;
compress.c;1902980743;2;1134325651;
configure;207294918;2;1271736919;
crc32.c;774251451;2;1271650207;
deflate.c;1607516524;2;1271736741;
deflate.h;2101250587;2;1271649646;
example.c;155967953;2;1155741663;
FAQ;2335736337;2;1268590092;
INDEX;507457335;2;1269810815;
infback.c;2291545405;2;1261787680;
inffast.c;987392016;2;1271650583;
inffast.h;2753957421;2;1271650561;
inflate.c;478260788;2;1264321635;
inflate.h;2522365210;2;1261787528;
inftrees.c;365685494;2;1271736741;
inftrees.h;1675634444;2;1271650526;
make_vms.com;2402903462;2;1268519465;
Makefile;1851113363;2;1271736741;
Makefile.in;4106736761;2;1271736741;
minigzip.c;809688590;2;1270929276;
README;1562455637;2;1271736741;
trees.c;1882275411;2;1271649824;
trees.h;1450476296;2;1271611958;
uncompr.c;4106692204;2;1263749661;
zconf.h;1746133744;2;1271613486;
zlib.3;3343349508;2;1271736773;
zlib.h;1393386672;2;1271736768;
zutil.c;1681576739;2;1271650453;
zutil.h;3994199753;2;1271618964;
