SCMBranch=External Dependencies
SCMRepository=External Dependencies/src/icu/source/common/unicode
SCMMainlineUUID={49768a25-3559-48c3-b9a1-b43d4686e928}
SCMBranchRepositoryID=992
brkiter.h;2609442575;1;1207088236;
caniter.h;3120227860;1;1157065388;
chariter.h;3297071545;1;1123802282;
dbbi.h;2136646506;1;1157065388;
docmain.h;725218438;1;1207088236;
dtintrv.h;2977129432;1;1215802397;
locid.h;2087563081;1;1157065388;
normlzr.h;1800697783;1;1157065388;
parseerr.h;3097923938;1;1123802283;
parsepos.h;1219205928;1;1123802283;
platform.h.in;859670870;1;1215802397;
ppalmos.h;3578541701;1;1157065389;
putil.h;717118987;1;1215802397;
pwin32.h;566099883;1;1308069659;
pwin32.h.bak;566099883;1;1207088236;
rbbi.h;1823658700;1;1222377110;
rep.h;1131771006;1;1123802283;
resbund.h;1768095591;1;1207088236;
schriter.h;1254254389;1;1123802284;
strenum.h;409354671;1;1207088236;
symtable.h;3141240213;1;1123802284;
ubidi.h;363985630;1;1215802397;
ubrk.h;2830769887;1;1207088236;
ucasemap.h;1801325232;1;1246040990;
ucat.h;3195922304;1;1101322439;
uchar.h;2057726510;1;1215802398;
uchriter.h;123833837;1;1123802285;
uclean.h;3089107121;1;1123802286;
ucnv.h;4184991412;1;1215802398;
ucnv_cb.h;2673096443;1;1101322440;
ucnv_err.h;522992899;1;1215802398;
uconfig.h;4073068357;1;1307138390;
udata.h;1856174296;1;1307145292;
udeprctd.h;1866323003;1;1215802398;
udraft.h;3713583444;1;1215802398;
uenum.h;2751467297;1;1123802287;
uidna.h;1767105488;1;1207088236;
uintrnal.h;3505992089;1;1215802398;
uiter.h;2877854683;1;1207088236;
uloc.h;757326322;1;1215802398;
umachine.h;530137689;1;1207088236;
umisc.h;53411970;1;1157065391;
unifilt.h;86359791;1;1157065391;
unifunct.h;2967776342;1;1123802289;
unimatch.h;1418043247;1;1123802289;
uniset.h;344145392;1;1215802398;
unistr.h;1072579444;1;1215802398;
unorm.h;81890287;1;1207088236;
uobject.h;2195846148;1;1207088236;
uobslete.h;3758689083;1;1215802398;
urbtok.h;2931342251;1;1222389912;
urename.h;1310863569;1;1215802398;
urep.h;1358990600;1;1123802292;
ures.h;683946701;1;1207088236;
uscript.h;961382506;1;1215802398;
uset.h;3021449758;1;1246040990;
usetiter.h;1706611754;1;1157065393;
ushape.h;3577978368;1;1207088236;
usprep.h;2441948818;1;1157065394;
ustring.h;1223812662;1;1215802398;
usystem.h;1737752661;1;1215802398;
utext.h;4188281343;1;1215802398;
utf.h;1970830803;1;1207088236;
utf16.h;3459710087;1;1207088236;
utf32.h;1423464864;1;1044480677;
utf8.h;1296052040;1;1207088236;
utf_old.h;4245827930;1;1157065394;
utrace.h;2999016868;1;1207088236;
utypes.h;4181494491;1;1215802399;
uversion.h;328328020;1;1215802399;
