SCMBranch=External Dependencies
SCMRepository=External Dependencies/src/openssl/crypto
SCMMainlineUUID={49768a25-3559-48c3-b9a1-b43d4686e928}
SCMBranchRepositoryID=739
LPdir_nyi.c;1386387570;1;1089465359;
LPdir_unix.c;2702439333;1;1095977499;
LPdir_vms.c;2598603874;1;1095977499;
LPdir_win.c;1156618443;1;1095977499;
LPdir_win32.c;1413477323;1;1095977499;
LPdir_wince.c;2206598077;1;1095977499;
Makefile;3456252016;1;1221671455;
buildinf.h;3801644189;1;1307987850;
cpt_err.c;2629019711;1;1164140075;
cpu_win32.asm;3898010500;1;1307987850;
cpu_win32.obj;463545520;1;1307988624;
cryptlib.c;3666624733;1;1252840836;
cryptlib.h;3468471300;1;1212767551;
crypto-lib.com;137015582;1;1269528322;
crypto.h;1523146510;1;1225046520;
cversion.c;1098723115;1;1082398162;
dyn_lck.c;2147998826;1;1221664061;
ebcdic.c;971674405;1;1067466304;
ebcdic.h;13872575;1;949371674;
ex_data.c;3750819788;1;1189082626;
fips_err.c;1830154590;1;1221605298;
fips_err.h;2628041008;1;1221605298;
ia64cpuid.S;1844583466;1;1115154306;
install.com;1256597327;1;1251185298;
md32_common.h;2933476453;1;1269861791;
mem.c;2450909320;1;1227546169;
mem_clr.c;2521351947;1;1182625674;
mem_dbg.c;2985371424;1;1227546169;
o_dir.c;549582239;1;1091560521;
o_dir.h;246802600;1;1089465359;
o_dir_test.c;3518132325;1;1089465359;
o_init.c;144868629;1;1269519435;
o_str.c;4273919346;1;1243858493;
o_str.h;3505980769;1;1127247917;
o_time.c;2616711823;1;1090223443;
o_time.h;2009359946;1;994328404;
opensslconf.h.in;1229918965;1;1228180864;
opensslv.h;987021847;1;1297185046;
ossl_typ.h;4232652921;1;1226406137;
sparccpuid.S;562402829;1;1115154306;
symhacks.h;3382500476;1;1266822324;
tmdiff.c;2209003946;1;1070025055;
tmdiff.h;1263416239;1;1067402413;
uid.c;1661820358;1;1070025055;
x86_64cpuid.pl;2114814471;1;1194798300;
x86cpuid.pl;2661360966;1;1194810282;
opensslconf.h.bak;2350158747;2;1309201741;
opensslconf.h;773742388;1;1309207195;
