SCMBranch=External Dependencies
SCMRepository=External Dependencies/src/openssl/crypto/bn/asm
SCMMainlineUUID={49768a25-3559-48c3-b9a1-b43d4686e928}
SCMBranchRepositoryID=1032
README;1270677095;1;976876931;
bn-586.pl;2421161735;1;1093797363;
bn_win32.asm;2868388716;1;1307987849;
bn_win32.obj;2060462802;1;1307988635;
co-586.pl;2174757595;1;918846309;
co_win32.asm;139362628;1;1307987849;
co_win32.obj;1501968343;1;1307988696;
ia64.S;3497990475;1;1192273337;
mips3.s;4019234068;1;993237462;
mo-586.pl;919368642;1;1209683494;
mt_win32.asm;1184338573;1;1307987849;
mt_win32.obj;2967830070;1;1307988635;
pa-risc2.s;1540523849;1;1041591160;
pa-risc2W.s;941681870;1;970062867;
ppc.pl;445692175;1;1269291523;
sparcv8.S;308494686;1;932906070;
sparcv8plus.S;47087216;1;1132041919;
vms.mar;3551821563;1;1040642751;
x86.pl;300056578;1;918846310;
x86_64-gcc.c;456130121;1;1267364235;
x86_64-mont.pl;3816065259;1;1204143286;
