SCMBranch=External Dependencies
SCMRepository=External Dependencies/src/curl
SCMMainlineUUID={49768a25-3559-48c3-b9a1-b43d4686e928}
SCMBranchRepositoryID=669
Android.mk;3084487998;1;1307989937;
CHANGES;4191268581;1;1307989937;
CMakeLists.txt;168187745;1;1307989937;
COPYING;3387238187;1;1307989937;
MacOSX-Framework;1017728636;1;1307989937;
Makefile;1200771787;1;1307989937;
Makefile.am;474348900;1;1307989937;
Makefile.in;1302942821;1;1307989937;
Makefile.msvc.names;4073250467;1;1307989937;
README;2082561324;1;1307989937;
RELEASE-NOTES;3636277302;1;1307989937;
acinclude.m4;3357420120;1;1307989937;
aclocal.m4;457916720;1;1307989937;
buildconf;3999324832;1;1307989937;
compile;236973053;1;1307989937;
config.guess;3724901552;1;1307989937;
config.sub;3289330794;1;1307989937;
configure;3240371192;1;1307989937;
configure.ac;788729790;1;1307989937;
curl-config.in;42686521;1;1307989937;
curl-style.el;551957358;1;1307989937;
depcomp;2476571120;1;1307989937;
install-sh;2030091159;1;1307989937;
libcurl.pc.in;553752647;1;1307989937;
ltmain.sh;948788656;1;1307989937;
maketgz;1107217492;1;1307989937;
missing;2116175217;1;1307989937;
mkinstalldirs;3639270088;1;1307989937;
sample.emacs;3335940264;1;1307989937;
vc6curl.dsw;1760965199;1;1307989937;
