SCMBranch=External Dependencies
SCMRepository=External Dependencies/src/icu/source/common
SCMMainlineUUID={49768a25-3559-48c3-b9a1-b43d4686e928}
SCMBranchRepositoryID=656
Makefile.in;524799205;1;1215802396;
Makefile.local;3691205693;1;1216932814;
aaplbfct.cpp;851801104;1;1178581180;
aaplbfct.h;3589463693;1;1178150683;
bmpset.cpp;910322324;1;1215802396;
bmpset.h;2861144546;1;1207088231;
brkeng.cpp;1909475992;1;1207088231;
brkeng.h;2307828210;1;1207088231;
brkiter.cpp;500312729;1;1215802396;
caniter.cpp;627025302;1;1157065368;
chariter.cpp;3518988975;1;1101322420;
charstr.h;4216688202;1;1123802260;
cmemory.c;3338085244;1;1123802260;
cmemory.h;2094141976;1;1123802261;
common.rc;866551702;1;1215802396;
common.vcproj;1762793077;1;1307144128;
common.vcproj.8.00.old;2166529928;1;1215802396;
cpputils.h;666244299;1;1157065368;
cstring.c;193699057;1;1101322421;
cstring.h;2151037760;1;1123802261;
cwchar.c;1043899046;1;1044480672;
cwchar.h;3971577518;1;1044480672;
dictbe.cpp;1210423421;1;1215802396;
dictbe.h;4162714650;1;1207088232;
dtintrv.cpp;2231231830;1;1215802396;
hash.h;1296433185;1;1157065368;
icucfg.h.in;1230499096;1;1044480673;
localsvc.cpp;2720802664;1;1183773519;
localsvc.h;1345848995;1;1157065368;
locbased.cpp;406089839;1;1076022261;
locbased.h;2631631036;1;1076022261;
locid.cpp;1935426668;1;1215802396;
locmap.c;3993842235;1;1178160275;
locmap.h;3134747063;1;1101322423;
locutil.cpp;2013625693;1;1207088232;
locutil.h;1176431545;1;1123802262;
msvcres.h;2891638515;1;1123802262;
mutex.cpp;2379004379;1;1215802396;
mutex.h;2622156183;1;1307731013;
normlzr.cpp;2585037261;1;1123802262;
parsepos.cpp;1451570363;1;1076022261;
propname.cpp;2186217787;1;1207088232;
propname.h;543974145;1;1101322423;
punycode.c;2910677121;1;1057256011;
punycode.h;1152802823;1;1057256011;
putil.c;3527073232;1;1229389662;
putilimp.h;3531536184;1;1207088232;
rbbi.cpp;12350327;1;1222377110;
rbbicst.pl;1960754045;1;1207088232;
rbbidata.cpp;2008123370;1;1222377110;
rbbidata.h;3391701261;1;1222377110;
rbbinode.cpp;637590159;1;1215802396;
rbbinode.h;3217945441;1;1157065370;
rbbirb.cpp;3428147477;1;1215802396;
rbbirb.h;3675665249;1;1215802396;
rbbirpt.h;4243640591;1;1157065370;
rbbirpt.txt;3145492405;1;1076022262;
rbbiscan.cpp;2504998722;1;1215802396;
rbbiscan.h;2063900780;1;1215802396;
rbbisetb.cpp;3626684158;1;1215802396;
rbbisetb.h;2788777416;1;1157065371;
rbbistbl.cpp;2321690404;1;1207088232;
rbbitblb.cpp;1566465851;1;1215802396;
rbbitblb.h;23179671;1;1157065371;
rbtok.cpp;2574394581;1;1222389868;
rbtok.h;1280665130;1;1222389868;
resbund.cpp;1521868765;1;1215802396;
resbund_cnv.cpp;1503058194;1;1157065371;
ruleiter.cpp;679622412;1;1207088232;
ruleiter.h;886474697;1;1207088232;
schriter.cpp;3900284640;1;1215802396;
serv.cpp;4292257904;1;1215802396;
serv.h;3353777862;1;1207088232;
servlk.cpp;447118250;1;1123802264;
servlkf.cpp;839522214;1;1123802264;
servloc.h;1808597697;1;1123802264;
servls.cpp;2533853467;1;1123802264;
servnotf.cpp;2992831130;1;1157065372;
servnotf.h;199339372;1;1123802264;
servrbf.cpp;2663784531;1;1123802264;
servslkf.cpp;2890906998;1;1123802264;
sprpimpl.h;1072552700;1;1157065372;
triedict.cpp;4267826868;1;1215802396;
triedict.h;1853549645;1;1157065372;
uarrsort.c;1412035686;1;1076022262;
uarrsort.h;480269944;1;1076022262;
uassert.h;1625670811;1;1076022262;
ubidi.c;3458135565;1;1215802396;
ubidi_props.c;1667049942;1;1215802396;
ubidi_props.h;2275524607;1;1215802396;
ubidi_props_data.c;2095271135;1;1216202946;
ubidiimp.h;2084045780;1;1207088232;
ubidiln.c;1211316425;1;1207088232;
ubidiwrt.c;2815736340;1;1207088232;
ubrk.cpp;2858278075;1;1215802396;
ubrkimpl.h;649654629;1;1157065373;
ucase.c;3973879303;1;1215802396;
ucase.h;750666985;1;1215802396;
ucase_props_data.c;639768904;1;1216202946;
ucasemap.c;3433725692;1;1215802396;
ucat.c;2273989600;1;1057256011;
uchar.c;3867908836;1;1215802396;
uchar_props_data.c;1374110176;1;1216202946;
uchriter.cpp;3879104818;1;1088210960;
ucln.h;1782597687;1;1207088233;
ucln_cmn.c;1724704358;1;1157065374;
ucln_cmn.h;167289422;1;1157065375;
ucmndata.c;3720210783;1;1123802266;
ucmndata.h;4039808861;1;1076022262;
ucnv.c;3550909537;1;1215802396;
ucnv2022.c;2253077030;1;1224132500;
ucnv_bld.c;2194596868;1;1215802397;
ucnv_bld.h;1085675913;1;1215802397;
ucnv_cb.c;4202161517;1;1157065376;
ucnv_cnv.c;1170155596;1;1123802268;
ucnv_cnv.h;2932531465;1;1215802397;
ucnv_err.c;740699361;1;1215802397;
ucnv_ext.c;1932342878;1;1215802397;
ucnv_ext.h;2549078415;1;1215802397;
ucnv_imp.h;2535467001;1;1215802397;
ucnv_io.c;3894834439;1;1207088234;
ucnv_io.h;888916716;1;1207088234;
ucnv_lmb.c;4102398231;1;1215802397;
ucnv_set.c;3695350088;1;1215802397;
ucnv_u16.c;501518848;1;1215802397;
ucnv_u32.c;4198883310;1;1157065377;
ucnv_u7.c;371721807;1;1123802272;
ucnv_u8.c;2773590038;1;1207088234;
ucnvbocu.c;530806937;1;1123802272;
ucnvdisp.c;2274484697;1;1123802272;
ucnvhz.c;3926197272;1;1224132500;
ucnvisci.c;114471218;1;1215802397;
ucnvlat1.c;3853722407;1;1207088234;
ucnvmbcs.c;187472575;1;1223936732;
ucnvmbcs.h;71718003;1;1215802397;
ucnvscsu.c;3762436511;1;1157065378;
ucol_swp.c;1981793897;1;1157065378;
ucol_swp.h;1628326443;1;1076022263;
udata.c;814815605;1;1215802397;
udatamem.c;183123938;1;1088210960;
udatamem.h;126843152;1;1088210960;
udataswp.c;547141591;1;1076022263;
udataswp.h;3188064638;1;1157065379;
uenum.c;3081337274;1;1101322430;
uenumimp.h;941290284;1;1157065379;
uhash.c;1843947809;1;1215802397;
uhash.h;4009982756;1;1215802397;
uhash_us.cpp;4080101530;1;1123802274;
uidna.cpp;2020075025;1;1207088235;
uinit.c;3566595309;1;1207088235;
uinvchar.c;4255469047;1;1157065380;
uinvchar.h;2284147950;1;1101322430;
uiter.cpp;2449212021;1;1207088235;
uloc.c;830339378;1;1218996555;
ulocimp.h;3093064026;1;1088210961;
umapfile.c;2921938194;1;1240097800;
umapfile.h;2881077068;1;1101322431;
umath.c;424080675;1;1157065381;
umutex.c;438459635;1;1221869364;
umutex.h;85942240;1;1207088235;
unames.c;1363887542;1;1207088235;
unifilt.cpp;2605171413;1;1101322431;
unifunct.cpp;1807923131;1;1101322431;
uniset.cpp;2732323926;1;1215802397;
uniset_props.cpp;1208395446;1;1215802397;
unisetspan.cpp;52092861;1;1207088235;
unisetspan.h;3134415678;1;1207088235;
unistr.cpp;1834814552;1;1215802397;
unistr_case.cpp;2110450499;1;1215802397;
unistr_cnv.cpp;26156503;1;1215802397;
unistr_props.cpp;918478263;1;1215802397;
unorm.cpp;4086230515;1;1207088235;
unorm_it.c;2902018383;1;1101322432;
unorm_it.h;1154359946;1;1057256012;
unorm_props_data.c;892367958;1;1216202947;
unormcmp.cpp;2915841898;1;1207088235;
unormimp.h;2348662941;1;1207088235;
uobject.cpp;439379665;1;1123802277;
uprops.c;2493969097;1;1215802397;
uprops.h;2904718714;1;1215802397;
urbtok.cpp;2968582180;1;1222389912;
ures_cnv.c;42989747;1;1157065385;
uresbund.c;94939212;1;1215802397;
uresdata.c;516987397;1;1157065385;
uresdata.h;3262876384;1;1157065385;
uresimp.h;1367317600;1;1215802397;
usc_impl.c;803593447;1;1088210961;
usc_impl.h;3206286890;1;1044480675;
uscript.c;922838971;1;1215802397;
uset.cpp;2937720806;1;1207088235;
uset_imp.h;1344466276;1;1215802397;
uset_props.cpp;933469565;1;1207088235;
usetiter.cpp;886944352;1;1157065385;
ushape.c;522297638;1;1215802397;
usprep.cpp;2590291137;1;1215802397;
ustack.cpp;2534633486;1;1123802279;
ustr_cnv.c;1068258683;1;1123802279;
ustr_cnv.h;1198768885;1;1101322434;
ustr_imp.h;118003463;1;1215802397;
ustr_wcs.c;724610916;1;1157065386;
ustrcase.c;694986964;1;1215802397;
ustrenum.cpp;3798184780;1;1215802397;
ustrenum.h;2293765383;1;1215802397;
ustrfmt.c;754240588;1;1157065386;
ustrfmt.h;1048343633;1;1157065386;
ustring.c;160302963;1;1215802397;
ustrtrns.c;271366629;1;1207088235;
utext.cpp;458854895;1;1239939303;
utf_impl.c;2496801064;1;1157065387;
util.cpp;3891316341;1;1215802397;
util.h;1041994288;1;1207088236;
util_props.cpp;125740157;1;1157065387;
utrace.c;1423247964;1;1215802397;
utracimp.h;615057786;1;1088210961;
utrie.c;2621141808;1;1157065387;
utrie.h;2698975382;1;1157065387;
utypes.c;1138803373;1;1215802397;
uvector.cpp;2908236659;1;1215802397;
uvector.h;3822242294;1;1215802397;
uvectr32.cpp;4224872787;1;1215802397;
uvectr32.h;3726537221;1;1215802397;
wintz.c;1682389843;1;1215802397;
wintz.h;210121403;1;1207088236;
