SCMBranch=External Dependencies
SCMRepository=External Dependencies/src/openssl/crypto/engine
SCMMainlineUUID={49768a25-3559-48c3-b9a1-b43d4686e928}
SCMBranchRepositoryID=918
Makefile;1922919289;1;1254060272;
README;3751095883;1;1001446290;
eng_all.c;4088863703;1;1267403411;
eng_cnf.c;1771010644;1;1265725095;
eng_cryptodev.c;1351853507;1;1267630205;
eng_ctrl.c;1721870579;1;1252840837;
eng_dyn.c;3761416980;1;1115783127;
eng_err.c;3799047779;1;1265725095;
eng_fat.c;3980056764;1;1082398158;
eng_init.c;4145337945;1;1115783127;
eng_int.h;2336687825;1;1212602500;
eng_lib.c;3633097059;1;1115783127;
eng_list.c;3461816348;1;1269714504;
eng_openssl.c;2157612346;1;1125271245;
eng_padlock.c;830856085;1;1221997233;
eng_pkey.c;1281056055;1;1212602500;
eng_table.c;1240570929;1;1264701191;
engine.h;2597658740;1;1265725095;
enginetest.c;3691489216;1;1229792649;
tb_cipher.c;2598668522;1;1082398158;
tb_dh.c;1944449033;1;1082398158;
tb_digest.c;3535444638;1;1082398158;
tb_dsa.c;3734739355;1;1126252338;
tb_ecdh.c;1866726990;1;1164393866;
tb_ecdsa.c;3163357196;1;1164393866;
tb_rand.c;2149949023;1;1082398158;
tb_rsa.c;3248052093;1;1082398158;
tb_store.c;1698669;1;1082398158;
