SCMBranch=External Dependencies
SCMRepository=External Dependencies/src/libiconv/po
SCMMainlineUUID={49768a25-3559-48c3-b9a1-b43d4686e928}
SCMBranchRepositoryID=423
af.gmo;295452576;1;1307034576;
af.po;1540317708;1;1307034576;
boldquot.sed;2706530104;1;1307034576;
ca.gmo;1483951879;1;1307034576;
ca.po;3391564931;1;1307034576;
ChangeLog;3204446633;1;1307034576;
da.gmo;2848492002;1;1307034576;
da.po;615580002;1;1307034576;
de.gmo;1089269602;1;1307034576;
de.po;3423811936;1;1307034576;
el.gmo;1182671935;1;1307034576;
el.po;3770520668;1;1307034576;
en@boldquot.header;2663872757;1;1307034576;
en@quot.header;1505981208;1;1307034576;
eo.gmo;2109870517;1;1307034576;
eo.po;1965428022;1;1307034576;
es.gmo;3373830684;1;1307034576;
es.po;3313844717;1;1307034576;
et.gmo;3450762456;1;1307034576;
et.po;409341543;1;1307034576;
fi.gmo;2560726213;1;1307034576;
fi.po;880615858;1;1307034576;
fr.gmo;359979971;1;1307034576;
fr.po;2487387755;1;1307034576;
ga.gmo;3996941582;1;1307034576;
ga.po;2917436697;1;1307034576;
gl.gmo;1288978563;1;1307034576;
gl.po;87412662;1;1307034576;
hr.gmo;2321698904;1;1307034576;
hr.po;558607221;1;1307034576;
hu.gmo;553150039;1;1307034576;
hu.po;3594010441;1;1307034576;
id.gmo;3359277425;1;1307034576;
id.po;4071753372;1;1307034576;
insert-header.sin;1481971654;1;1307034577;
it.gmo;4168129978;1;1307034577;
it.po;3323107117;1;1307034577;
libiconv.pot;3279705474;1;1307034577;
LINGUAS;3287712666;1;1307034577;
Makefile.in.in;611845374;1;1307034577;
Makefile.msvc;730405658;3;1307034577;
Makefile.msvc.sh;2615949547;1;1307034577;
Makevars;2736627025;1;1307034577;
nl.gmo;2723830522;1;1307034577;
nl.po;5680924;1;1307034577;
pl.gmo;808421025;1;1307034577;
pl.po;3994057388;1;1307034577;
POTFILES.in;2474471858;1;1307034577;
pt_BR.gmo;600873785;1;1307034577;
pt_BR.po;1711460397;1;1307034577;
quot.sed;1448862571;1;1307034577;
remove-potcdate.sin;2061411632;1;1307034577;
rm.gmo;1781770389;1;1307034577;
rm.po;3055828777;1;1307034577;
ro.gmo;2090295900;1;1307034577;
ro.po;603793381;1;1307034577;
ru.gmo;1691024147;1;1307034577;
ru.po;4252510861;1;1307034577;
Rules-msvc;725453388;1;1307034577;
Rules-quot;2254006177;1;1307034577;
sk.gmo;889638077;1;1307034577;
sk.po;3259988136;1;1307034577;
sl.gmo;1407438231;1;1307034577;
sl.po;4234503552;1;1307034577;
sq.gmo;3033084477;1;1307034577;
sq.po;2381534045;1;1307034577;
sr.gmo;3874615552;1;1307034577;
sr.po;2799155005;1;1307034577;
stamp-po;470711370;1;1307034577;
sv.gmo;3122309477;1;1307034577;
sv.po;62135391;1;1307034577;
tr.gmo;3327946757;1;1307034577;
tr.po;750752758;1;1307034577;
uk.gmo;1358509096;1;1307034577;
uk.po;676564321;1;1307034577;
vi.gmo;1327852949;1;1307034577;
vi.po;2363906888;1;1307034577;
wa.gmo;1679640698;1;1307034577;
wa.po;4119006888;1;1307034577;
zh_CN.gmo;2767757340;1;1307034577;
zh_CN.po;300259242;1;1307034577;
zh_TW.gmo;2127429196;1;1307034577;
zh_TW.po;2519139321;1;1307034577;
