SCMBranch=External Dependencies
SCMRepository=External Dependencies/src/icu/source/data/xml/main
SCMMainlineUUID={49768a25-3559-48c3-b9a1-b43d4686e928}
SCMBranchRepositoryID=996
aa.xml;4077287190;1;1215802408;
af.xml;1178366357;1;1215802408;
am.xml;2814896453;1;1215802408;
ar.xml;2438160950;1;1215802408;
as.xml;2567987696;1;1215802408;
az.xml;4282868058;1;1215802408;
az_AZ.xml;3586424944;1;1215802408;
az_Cyrl.xml;3514944206;1;1215802408;
az_Latn.xml;2797492744;1;1215802408;
be.xml;1357349961;1;1215802408;
bg.xml;674061715;1;1215802408;
bn.xml;2767656808;1;1215802408;
ca.xml;2507703813;1;1215802408;
cs.xml;2634456461;1;1215802408;
cy.xml;3717604734;1;1215802408;
da.xml;3783028377;1;1215802408;
de.xml;283761965;1;1215802408;
el.xml;3773041968;1;1215802408;
en.xml;2996564634;1;1215802408;
en_US_POSIX.xml;3044616992;1;1215802408;
eo.xml;2399051383;1;1215802408;
es.xml;931499704;1;1215802408;
et.xml;2193590331;1;1215802408;
eu.xml;3202016470;1;1215802408;
fa.xml;3511483855;1;1215802408;
fi.xml;3210280611;1;1215802408;
fo.xml;906466509;1;1215802408;
fr.xml;3004819695;1;1215802408;
ga.xml;1501914147;1;1215802408;
gl.xml;2888817235;1;1215802408;
gu.xml;1802902274;1;1215802408;
gv.xml;2618007794;1;1215802408;
ha.xml;922931212;1;1215802408;
ha_Latn.xml;3195388854;1;1215802408;
haw.xml;722448472;1;1215802408;
he.xml;3548144279;1;1215802408;
hi.xml;3450490662;1;1215802408;
hr.xml;1527790039;1;1215802408;
hu.xml;3995746132;1;1215802408;
hy.xml;3500031709;1;1215802408;
id.xml;2088528450;1;1215802408;
ii.xml;2365236489;1;1215802408;
in.xml;1692748815;1;1215802408;
is.xml;3119689363;1;1215802408;
it.xml;214476816;1;1215802408;
iw.xml;92635830;1;1215802408;
ja.xml;736398636;1;1215802408;
ka.xml;2148007371;1;1215802408;
kk.xml;2112861866;1;1215802408;
kk_Cyrl.xml;280698168;1;1215802408;
kl.xml;576256632;1;1215802408;
km.xml;2533853545;1;1215802408;
kn.xml;1101869699;1;1215802408;
ko.xml;3419023420;1;1215802408;
kok.xml;3414864522;1;1215802408;
kw.xml;773450804;1;1215802408;
lt.xml;515027359;1;1215802408;
lv.xml;1719167045;1;1215802408;
mk.xml;3614221727;1;1215802408;
ml.xml;4232193105;1;1215802408;
mr.xml;3549511909;1;1215802408;
ms.xml;1963936949;1;1215802408;
mt.xml;3224717878;1;1215802408;
my.xml;3229511891;1;1215802408;
nb.xml;2166876336;1;1215802408;
ne.xml;4142862384;1;1215802408;
nl.xml;807592951;1;1215802408;
nn.xml;1223178797;1;1215802408;
no.xml;1955419840;1;1215802408;
nr.xml;2657238582;1;1215802408;
om.xml;3535828147;1;1215802408;
or.xml;3051419695;1;1215802408;
pa.xml;3884552509;1;1215802408;
pa_Arab.xml;2361094792;1;1215802408;
pa_Guru.xml;3457251539;1;1215802408;
pa_PK.xml;55756884;1;1215802408;
pl.xml;1564391125;1;1215802408;
ps.xml;4137972072;1;1215802408;
pt.xml;365958574;1;1215802408;
ro.xml;2146431729;1;1215802408;
root.xml;1058777059;1;1215802408;
ru.xml;2772877825;1;1215802408;
sh.xml;1175316561;1;1215802408;
si.xml;3488937342;1;1215802408;
sk.xml;1048126259;1;1215802409;
sl.xml;2336433584;1;1215802409;
so.xml;3488387207;1;1215802409;
sq.xml;240998802;1;1215802409;
sr.xml;2692720372;1;1215802409;
sr_Cyrl.xml;2422983888;1;1215802409;
sr_Latn.xml;3304768295;1;1215802409;
sv.xml;3144113937;1;1215802409;
sw.xml;2265068540;1;1215802409;
ta.xml;1678698672;1;1215802409;
te.xml;4092372472;1;1215802409;
th.xml;866259579;1;1215802409;
ti.xml;2948161211;1;1215802409;
tl.xml;2427902456;1;1215802409;
to.xml;3558436047;1;1215802409;
tr.xml;1056310329;1;1215802409;
uk.xml;2121759319;1;1215802409;
ur.xml;3057622485;1;1215802409;
ur_IN.xml;293922884;1;1215802409;
uz.xml;849794280;1;1215802409;
uz_Arab.xml;2701805821;1;1215802409;
uz_Cyrl.xml;4118074520;1;1215802409;
uz_Latn.xml;1997330760;1;1215802409;
uz_UZ.xml;3722641458;1;1215802409;
vi.xml;1422517094;1;1215802409;
zh.xml;482738132;1;1215802409;
zh_Hans.xml;3978475252;1;1215802409;
zh_Hant.xml;1132665123;1;1215802409;
zu.xml;1003244860;1;1215802409;
