SCMBranch=External Dependencies
SCMRepository=External Dependencies/src/icu/source/tools/toolutil
SCMMainlineUUID={49768a25-3559-48c3-b9a1-b43d4686e928}
SCMBranchRepositoryID=866
Makefile.in;800444621;1;1207088282;
filestrm.c;362195321;1;1123802531;
filestrm.h;2680152587;1;1123802531;
package.cpp;869799781;1;1207088282;
package.h;1105228486;1;1207088282;
pkg_imp.h;2754748627;1;1157065547;
pkgitems.cpp;2998031880;1;1215802421;
propsvec.c;1633212280;1;1123802531;
propsvec.h;289398325;1;1123802532;
swapimpl.cpp;1251374281;1;1215802421;
swapimpl.h;2722807262;1;1157065547;
toolutil.c;2600276632;1;1215802421;
toolutil.h;2257980044;1;1215802421;
toolutil.vcproj;3730028506;1;1307144128;
toolutil.vcproj.8.00.old;3626764051;1;1215802421;
ucbuf.c;898543884;1;1215802421;
ucbuf.h;3157820703;1;1215802421;
ucm.c;3496484109;1;1207088282;
ucm.h;4213833448;1;1207088282;
ucmstate.c;1771504282;1;1123802533;
unewdata.c;531905679;1;1215802421;
unewdata.h;2884758113;1;1044480727;
uoptions.c;3742941574;1;1044480727;
uoptions.h;2674757203;1;1123802533;
uparse.c;446624633;1;1207088282;
uparse.h;1701458427;1;1101322536;
writesrc.c;1851602334;1;1207088282;
writesrc.h;2728421716;1;1123802533;
xmlparser.cpp;1358206236;1;1215802421;
xmlparser.h;1260850384;1;1123802533;
