SCMBranch=External Dependencies
SCMRepository=External Dependencies/src/jpeg
SCMMainlineUUID={49768a25-3559-48c3-b9a1-b43d4686e928}
SCMBranchRepositoryID=1056
Makefile.am;2636307491;1;1258666742;
Makefile.in;4057003075;1;1258666742;
README;345501614;1;1258666742;
aclocal.m4;2113115435;1;1258666740;
ansi2knr.1;2081414756;1;1258666740;
ansi2knr.c;331007571;1;1258666740;
cderror.h;3287082559;1;1258666740;
cdjpeg.c;1888689902;1;1258666740;
cdjpeg.h;1916229782;1;1258666740;
change.log;46852999;1;1258666740;
cjpeg.1;373140578;1;1258666740;
cjpeg.c;1413682738;1;1258666740;
cjpeg.vcproj;1089518017;1;1258666742;
ckconfig.c;3310924500;1;1258666740;
coderules.txt;2991172509;1;1258666740;
config.guess;3067364542;1;1258666740;
config.sub;246738391;1;1258666740;
configure;2741288264;1;1258666740;
configure.ac;3344159484;1;1258666740;
depcomp;3550193861;1;1258666740;
djpeg.1;2843384999;1;1258666740;
djpeg.c;3818075649;1;1258666740;
djpeg.vcproj;181347226;1;1258666742;
example.c;3483122824;1;1258666740;
filelist.txt;1700451426;1;1258666740;
install-sh;730329325;1;1258666740;
install.txt;346486649;1;1258666740;
jaricom.c;3138470783;1;1258666740;
jcapimin.c;738826242;1;1258666740;
jcapistd.c;1481533037;1;1258666740;
jcarith.c;4071021340;1;1258666740;
jccoefct.c;3877457283;1;1258666740;
jccolor.c;2057548685;1;1258666740;
jcdctmgr.c;1101091801;1;1258666740;
jchuff.c;3518987422;1;1258669544;
jcinit.c;4218578766;1;1258666740;
jcmainct.c;3834408421;1;1258666740;
jcmarker.c;2564946725;1;1258666740;
jcmaster.c;3824261190;1;1258666740;
jcomapi.c;3323519319;1;1258666740;
jconfig.bcc;1627443326;1;1258666740;
jconfig.cfg;2682327644;1;1258666740;
jconfig.dj;2789521965;1;1258666740;
jconfig.h;3158998327;1;1308084421;
jconfig.mac;2141015352;1;1258666740;
jconfig.manx;3911113144;1;1258666740;
jconfig.mc6;968295931;1;1258666740;
jconfig.sas;756211955;1;1258666740;
jconfig.st;4107710552;1;1258666740;
jconfig.txt;2057543798;1;1258666740;
jconfig.vc;3158998327;1;1258666740;
jconfig.vms;3953264064;1;1258666740;
jconfig.wat;1930331676;1;1258666740;
jcparam.c;2784817310;1;1258666740;
jcprepct.c;835380834;1;1258666740;
jcsample.c;3626719030;1;1258666740;
jctrans.c;2988120507;1;1258666740;
jdapimin.c;1606008425;1;1258666740;
jdapistd.c;287358998;1;1258666740;
jdarith.c;968839883;1;1258666740;
jdatadst.c;2951270381;1;1258666740;
jdatasrc.c;3786990580;1;1258666740;
jdcoefct.c;1299561935;1;1258666740;
jdcolor.c;777501747;1;1258666740;
jdct.h;4248452067;1;1258666740;
jddctmgr.c;2873131765;1;1258666740;
jdhuff.c;2279699015;1;1258666740;
jdinput.c;4149328767;1;1258666740;
jdmainct.c;1026662937;1;1258666740;
jdmarker.c;2913134832;1;1258666740;
jdmaster.c;557172757;1;1258666740;
jdmerge.c;3015238852;1;1258666740;
jdosabcc.obj;1384480645;1;1258666740;
jdosamsc.obj;203178518;1;1258666740;
jdosaobj.txt;3347554414;1;1258666740;
jdpostct.c;3066387614;1;1258666740;
jdsample.c;3216444016;1;1258666740;
jdtrans.c;1690102977;1;1258666740;
jerror.c;2302420928;1;1258666740;
jerror.h;3755800688;1;1258666740;
jfdctflt.c;170287143;1;1258666740;
jfdctfst.c;3011185621;1;1258666740;
jfdctint.c;3425760057;1;1258666740;
jidctflt.c;3476517831;1;1258666740;
jidctfst.c;2236325714;1;1258666740;
jidctint.c;2912638306;1;1258666740;
jinclude.h;299296216;1;1258666740;
jmemansi.c;2261824804;1;1258666740;
jmemdos.c;980845002;1;1258666740;
jmemdosa.asm;320305945;1;1258666740;
jmemmac.c;578683908;1;1258666740;
jmemmgr.c;2595821808;1;1258666740;
jmemname.c;3067750584;1;1258666740;
jmemnobs.c;3401177440;1;1258666740;
jmemsys.h;2552225859;1;1258666740;
jmorecfg.h;394195631;1;1258666740;
jpeg.vcproj;86214489;1;1308084373;
jpegint.h;485905069;1;1258666740;
jpeglib.h;365031002;1;1258666740;
jpegtran.1;376884821;1;1258666740;
jpegtran.c;962933318;1;1258666740;
jpegtran.vcproj;2897088277;1;1258666742;
jquant1.c;3844787518;1;1258666740;
jquant2.c;1594681151;1;1258666740;
jutils.c;1996812415;1;1258666740;
jversion.h;1501729955;1;1258666740;
libjpeg.map;2397558033;1;1258666740;
libjpeg.txt;2111599914;1;1258666740;
ltmain.sh;2861904036;1;1258666742;
makcjpeg.st;358982688;1;1258666742;
makdjpeg.st;2065163429;1;1258666742;
makeadsw.vc6;3591807640;1;1258666742;
makeasln.sln;651518156;1;1258666742;
makeasln.suo;466856373;1;1258667326;
makeasln.vc9;651518156;1;1258666742;
makecdep.vc6;136446019;1;1258666742;
makecdsp.vc6;3442568606;1;1258666742;
makecmak.vc6;1950072764;1;1258666742;
makecvcp.vc9;1089518017;1;1258666742;
makeddep.vc6;1566702424;1;1258666742;
makeddsp.vc6;2335107825;1;1258666742;
makedmak.vc6;509337008;1;1258666742;
makedvcp.vc9;181347226;1;1258666742;
makefile.ansi;4138672053;1;1258666742;
makefile.bcc;3678311788;1;1258666742;
makefile.dj;944937398;1;1258666742;
makefile.manx;3753337295;1;1258666742;
makefile.mc6;1306326531;1;1258666742;
makefile.mms;4192885384;1;1258666742;
makefile.sas;198863158;1;1258666742;
makefile.unix;415735161;1;1258666742;
makefile.vc;558528430;1;1258666742;
makefile.vms;503542443;1;1258666742;
makefile.wat;926516281;1;1258666742;
makejdep.vc6;1705291953;1;1258666742;
makejdsp.vc6;3734278293;1;1258666742;
makejdsw.vc6;338167645;1;1258666742;
makejmak.vc6;4257151564;1;1258666742;
makejpeg.sln;2072640114;1;1258666742;
makejpeg.suo;1008171736;1;1308085691;
makejsln.vc9;2072640114;1;1258666742;
makejvcp.vc9;2641981109;1;1258666742;
makeproj.mac;1053161122;1;1258666742;
makerdep.vc6;4260132846;1;1258666742;
makerdsp.vc6;1238882372;1;1258666742;
makermak.vc6;1357813085;1;1258666742;
makervcp.vc9;338589133;1;1258666742;
maketdep.vc6;1103699868;1;1258666742;
maketdsp.vc6;930176339;1;1258666742;
maketmak.vc6;635447691;1;1258666742;
maketvcp.vc9;2897088277;1;1258666742;
makewdep.vc6;2742536685;1;1258666742;
makewdsp.vc6;1373047250;1;1258666742;
makewmak.vc6;3873032129;1;1258666742;
makewvcp.vc9;1607935545;1;1258666742;
makljpeg.st;1271182371;1;1258666742;
maktjpeg.st;800849769;1;1258666742;
missing;839821282;1;1258666742;
rdbmp.c;1913378621;1;1258666742;
rdcolmap.c;2884595990;1;1258666742;
rdgif.c;3991940689;1;1258666742;
rdjpgcom.1;123589702;1;1258666742;
rdjpgcom.c;3313599462;1;1258666742;
rdjpgcom.vcproj;338589133;1;1258666742;
rdppm.c;1938016084;1;1258666742;
rdrle.c;2421261740;1;1258666742;
rdswitch.c;372631266;1;1258666742;
rdtarga.c;3123987534;1;1258666742;
readme.dos;2836288464;1;1258666742;
structure.txt;2608787013;1;1258666742;
testimg.bmp;3378215407;1;1258666742;
testimg.jpg;4209447794;1;1258666742;
testimg.ppm;3102572493;1;1258666742;
testimgp.jpg;2899998467;1;1258666742;
testorig.jpg;2153773818;1;1258666742;
testprog.jpg;156472720;1;1258666742;
transupp.c;3669179575;1;1258666742;
transupp.h;1846893198;1;1258666742;
usage.txt;3040002460;1;1258666742;
wizard.txt;1992404757;1;1258666742;
wrbmp.c;435697835;1;1258666742;
wrgif.c;1063434751;1;1258666742;
wrjpgcom.1;3574328606;1;1258666742;
wrjpgcom.c;420446564;1;1258666742;
wrjpgcom.vcproj;1607935545;1;1258666742;
wrppm.c;3176174503;1;1258666742;
wrrle.c;2898076363;1;1258666742;
wrtarga.c;3611747732;1;1258666742;
jpeg_vs2005.vcproj;3431320394;1;1308256511;
makejpeg_vs2005.sln;550929762;1;1308256491;
