SCMBranch=External Dependencies
SCMRepository=External Dependencies/src/libxml2/doc/tutorial
SCMMainlineUUID={49768a25-3559-48c3-b9a1-b43d4686e928}
SCMBranchRepositoryID=217
apa.html;3836133591;1;1307034603;
apb.html;4170725930;1;1307034603;
apc.html;4159249275;1;1307034603;
apd.html;430978836;1;1307034603;
ape.html;3654472732;1;1307034603;
apf.html;2930600385;1;1307034603;
apg.html;2539673545;1;1307034603;
aph.html;2759643323;1;1307034603;
api.html;1548658010;1;1307034603;
ar01s02.html;4112793181;1;1307034603;
ar01s03.html;2926196182;1;1307034603;
ar01s04.html;2772334952;1;1307034603;
ar01s05.html;3112141530;1;1307034603;
ar01s06.html;922049291;1;1307034603;
ar01s07.html;1507700121;1;1307034603;
ar01s08.html;2915421973;1;1307034603;
ar01s09.html;3586137733;1;1307034603;
includeaddattribute.c;2806630965;1;1307034603;
includeaddkeyword.c;3453103384;1;1307034603;
includeconvert.c;994808165;1;1307034603;
includegetattribute.c;3135887071;1;1307034603;
includekeyword.c;31904233;1;1307034603;
includexpath.c;2426668911;1;1307034603;
index.html;397634996;1;1307034603;
ix01.html;2080386547;1;1307034603;
xmltutorial.pdf;2971201183;1;1307034603;
