SCMBranch=External Dependencies
SCMRepository=External Dependencies/src/openssl/engines
SCMMainlineUUID={49768a25-3559-48c3-b9a1-b43d4686e928}
SCMBranchRepositoryID=742
Makefile;2443002650;1;1257817982;
e_4758cca.c;553595260;1;1121512388;
e_4758cca.ec;2867941665;1;1117394186;
e_4758cca_err.c;1414736247;1;1117394186;
e_4758cca_err.h;2566430858;1;1208504603;
e_aep.c;1171200642;1;1230643857;
e_aep.ec;2194189956;1;1034358099;
e_aep_err.c;1730431899;1;1115598455;
e_aep_err.h;2822677197;1;1208504603;
e_atalla.c;2334518543;1;1121512388;
e_atalla.ec;233993296;1;1034358099;
e_atalla_err.c;1302714589;1;1115598455;
e_atalla_err.h;4206165950;1;1208504603;
e_capi.c;917272869;1;1268692209;
e_capi.ec;2113382924;1;1212079598;
e_capi_err.c;89940328;1;1242404103;
e_capi_err.h;2461924405;1;1242404103;
e_chil.c;2723062715;1;1276348736;
e_chil.ec;3913457593;1;1117394186;
e_chil_err.c;1828836466;1;1227103686;
e_chil_err.h;2164965224;1;1227103686;
e_cswift.c;2345503780;1;1276348736;
e_cswift.ec;675505006;1;1034358100;
e_cswift_err.c;2989340633;1;1115598455;
e_cswift_err.h;2227879346;1;1208504603;
e_gmp.c;870899465;1;1221230822;
e_gmp.ec;3528042063;1;1043941387;
e_gmp_err.c;2505761698;1;1115598455;
e_gmp_err.h;4145274369;1;1208504603;
e_nuron.c;1805378275;1;1121512388;
e_nuron.ec;3444551245;1;1034358100;
e_nuron_err.c;884033198;1;1115598455;
e_nuron_err.h;2285747855;1;1208504603;
e_sureware.c;3787293766;1;1139426189;
e_sureware.ec;3366780226;1;1034358100;
e_sureware_err.c;3442956428;1;1115598455;
e_sureware_err.h;988739905;1;1208504603;
e_ubsec.c;1312710751;1;1276348736;
e_ubsec.ec;2384339668;1;1034358100;
e_ubsec_err.c;1259585116;1;1115598455;
e_ubsec_err.h;4179998410;1;1208504603;
engine_vector.mar;537885550;1;1036078980;
makeengines.com;1001502130;1;1251184765;
