SCMBranch=External Dependencies
SCMRepository=External Dependencies/src/opencflite
SCMMainlineUUID={49768a25-3559-48c3-b9a1-b43d4686e928}
SCMBranchRepositoryID=671
APPLE_LICENSE;3420071497;1;1307983156;
BuildCFLite.windows;2245812865;1;1307983149;
CFApplicationPreferences.c;4264259971;1;1307983149;
CFArray.c;3427039168;1;1307983155;
CFArray.h;3577337553;1;1307983155;
CFBag.c;3561996163;1;1307983147;
CFBag.h;2127165699;1;1307983147;
CFBase.c;1358075521;1;1307983154;
CFBase.h;1690452133;1;1307983154;
CFBasicHash.h;1218135362;1;1307983150;
CFBasicHash.m;4293679198;1;1307983151;
CFBinaryHeap.c;1517680041;1;1307983155;
CFBinaryHeap.h;2518226208;1;1307983155;
CFBinaryPList.c;2161978139;1;1307983148;
CFBitVector.c;4050068116;1;1307983156;
CFBitVector.h;1699619657;1;1307983156;
CFBuiltinConverters.c;657125583;1;1307983156;
CFBundle.c;3385612338;1;1307983154;
CFBundle.h;992089848;1;1307983154;
CFBundlePriv.h;3693931979;1;1307983154;
CFBundle_BinaryTypes.h;2268533038;1;1307983151;
CFBundle_Internal.h;3330047387;1;1307983150;
CFBundle_Resources.c;2444294798;1;1307983151;
CFByteOrder.h;1868591316;1;1307983147;
CFCalendar.c;3445384555;1;1307983156;
CFCalendar.h;2605503077;1;1307983156;
CFCharacterSet.c;622986477;1;1307983151;
CFCharacterSet.h;4219698249;1;1307983152;
CFCharacterSetBitmaps.bitmap;3463672775;1;1307983158;
CFCharacterSetPriv.h;2724669709;1;1307983158;
CFConcreteStreams.c;1376975516;1;1307983155;
CFData.c;2593995929;1;1307983149;
CFData.h;1610895950;1;1307983149;
CFDate.c;1794876795;1;1307983149;
CFDate.h;755332145;1;1307983149;
CFDateFormatter.c;1450855782;1;1307983148;
CFDateFormatter.h;2191938201;1;1307983148;
CFDictionary.c;910922414;1;1307983150;
CFDictionary.h;1383317966;1;1307983150;
CFError.c;2042530976;1;1307983149;
CFError.h;2530465351;1;1307983150;
CFError_Private.h;3693776049;1;1307983156;
CFFileDescriptor.c;807512939;1;1307983154;
CFFileDescriptor.h;1811096900;1;1307983154;
CFFileUtilities.c;2300048684;1;1307983157;
CFICUConverters.c;1891988557;1;1307983149;
CFICUConverters.h;3447251998;1;1307983150;
CFInternal.h;407474681;1;1307983155;
CFLite.sln;1213327093;1;1307983155;
CFLocale.c;505499981;1;1307983151;
CFLocale.h;25934037;1;1307983151;
CFLocaleIdentifier.c;3537591941;1;1307983153;
CFLocaleInternal.h;584443661;1;1307983155;
CFLocaleKeys.c;967186418;1;1307983147;
CFLocaleKeys.m;466020816;1;1307983147;
CFLogUtilities.h;3843523111;1;1307983148;
CFMachPort.c;568379508;1;1307983148;
CFMachPort.h;686192282;1;1307983148;
CFMessagePort.c;3346298238;1;1307983157;
CFMessagePort.h;3351080221;1;1307983157;
CFNotificationCenter.c;3634826046;1;1307983147;
CFNotificationCenter.h;3732732670;1;1307983147;
CFNumber.c;3001388461;1;1307983148;
CFNumber.h;91153651;1;1307983148;
CFNumberFormatter.c;845820122;1;1307983151;
CFNumberFormatter.h;1254441811;1;1307983152;
CFPlatform.c;755878130;1;1307983156;
CFPlatformConverters.c;4127168922;1;1307983153;
CFPlugIn.c;1702709367;1;1307983147;
CFPlugIn.h;3862654557;1;1307983147;
CFPlugInCOM.h;2768457013;1;1307983150;
CFPlugIn_Factory.c;3805679069;1;1307983149;
CFPlugIn_Factory.h;3212793478;1;1307983149;
CFPlugIn_Instance.c;1148689551;1;1307983148;
CFPlugIn_PlugIn.c;4245659353;1;1307983149;
CFPreferences.c;737425151;1;1307983151;
CFPreferences.h;1540131940;1;1307983151;
CFPriv.h;3227314565;1;1307983152;
CFPropertyList.c;3270119420;1;1307983154;
CFPropertyList.h;3452263302;1;1307983154;
CFRunLoop.c;3131681602;1;1307983155;
CFRunLoop.h;172989444;1;1307983155;
CFRuntime.c;1773494447;1;1307983149;
CFRuntime.h;1714457724;1;1307983149;
CFSet.c;1437594130;1;1307983150;
CFSet.h;2738343067;1;1307983151;
CFSocket.c;1441756807;1;1307983156;
CFSocket.h;1762117976;1;1307983156;
CFSocketStream.c;151464606;1;1307983155;
CFSortFunctions.c;3907857360;1;1307983152;
CFStorage.c;1447032276;1;1307983153;
CFStorage.h;2987772321;1;1307983154;
CFStream.c;627115150;1;1307983155;
CFStream.h;2644489252;1;1307983155;
CFStreamAbstract.h;3653982740;1;1307983152;
CFStreamInternal.h;1241732772;1;1307983157;
CFStreamPriv.h;3362718270;1;1307983155;
CFString.c;3929385271;1;1307983148;
CFString.h;2046439731;1;1307983148;
CFStringDefaultEncoding.h;2863860745;1;1307983147;
CFStringEncodingConverter.c;1178751478;1;1307983154;
CFStringEncodingConverter.h;1838791888;1;1307983154;
CFStringEncodingConverterExt.h;1883425852;1;1307983157;
CFStringEncodingConverterPriv.h;447499096;1;1307983154;
CFStringEncodingDatabase.c;4288564702;1;1307983155;
CFStringEncodingDatabase.h;1444213038;1;1307983155;
CFStringEncodingExt.h;1361277492;1;1307983147;
CFStringScanner.c;2070654463;1;1307983150;
CFStringUtilities.c;1540457167;1;1307983151;
CFSystemDirectories.c;1285553706;1;1307983152;
CFTimeZone.c;2275725219;1;1307983153;
CFTimeZone.h;321859188;1;1307983153;
CFTree.c;156246024;1;1307983148;
CFTree.h;2029466698;1;1307983148;
CFURL.c;4011798567;1;1307983147;
CFURL.h;1479542947;1;1307983148;
CFURLAccess.c;1883434552;1;1307983155;
CFURLAccess.h;1188197278;1;1307983156;
CFUUID.c;3104255698;1;1307983148;
CFUUID.h;3433887069;1;1307983149;
CFUniChar.c;1939520804;1;1307983156;
CFUniChar.h;810102511;1;1307983156;
CFUniCharPriv.h;3543721677;1;1307983156;
CFUniCharPropertyDatabase.data;847414902;1;1307983155;
CFUnicodeData-B.mapping;1492632116;1;1307983157;
CFUnicodeData-L.mapping;4204738365;1;1307983158;
CFUnicodeDecomposition.c;2702838834;1;1307983154;
CFUnicodeDecomposition.h;1797608940;1;1307983154;
CFUnicodePrecomposition.c;242092333;1;1307983154;
CFUnicodePrecomposition.h;2117901444;1;1307983154;
CFUserNotification.c;1038665257;1;1307983155;
CFUserNotification.h;3147809430;1;1307983156;
CFUtilities.c;3776383220;1;1307983157;
CFWindowsMessageQueue.c;3115718681;1;1307983150;
CFWindowsMessageQueue.h;2967602982;1;1307983150;
CFXMLInputStream.c;2805176560;1;1307983150;
CFXMLInputStream.h;868347768;1;1307983150;
CFXMLNode.c;866952755;1;1307983148;
CFXMLNode.h;1747795076;1;1307983149;
CFXMLParser.c;973467444;1;1307983152;
CFXMLParser.h;2477487910;1;1307983152;
CFXMLPreferencesDomain.c;3836745867;1;1307983154;
CFXMLTree.c;2934111978;1;1307983156;
CHANGES;2658814476;1;1307983150;
CONTRIBUTORS;2623356258;1;1307983147;
CoreFoundation.h;1704789092;1;1307983154;
CoreFoundation.pc.in;3752178179;1;1307983156;
CoreFoundation_Prefix.h;567716316;1;1307983150;
ForFoundationOnly.h;1119892702;1;1307983149;
INSTALL;778788788;1;1307983150;
LICENSE;160513714;1;1307983157;
Makefile;2403281011;1;1307983154;
Makefile.am;2545533853;1;1307983152;
Makefile.in;796022181;1;1307983153;
PropertyList.dtd;3560386893;1;1307983147;
README;2867986049;1;1307983151;
TODO;2389915000;1;1307983157;
aclocal.m4;3768732894;1;1307983152;
auto_stubs.h;3734050650;1;1307983154;
configure;1557994684;1;1307983156;
configure.ac;307095590;1;1307983148;
CFLite_vs2005.sln;745657373;1;1308252821;
BuildCFLite;2499578730;2;1309203387;
CFStringEncodings.c;454948793;2;1309203639;
CFVersion.c;1103851448;2;1309203713;
Info.plist;3010895795;2;1309203419;
