SCMBranch=External Dependencies
SCMRepository=External Dependencies/src/curl/docs/examples
SCMMainlineUUID={49768a25-3559-48c3-b9a1-b43d4686e928}
SCMBranchRepositoryID=697
10-at-a-time.c;3596220856;1;1307989940;
Makefile.am;3564130224;1;1307989940;
Makefile.example;468143631;1;1307989940;
Makefile.in;2214978603;1;1307989940;
Makefile.inc;4135744364;1;1307989940;
Makefile.m32;2627542346;1;1307989940;
README;1165683087;1;1307989940;
anyauthput.c;3166730997;1;1307989940;
cacertinmem.c;1432862762;1;1307989940;
certinfo.c;2725257019;1;1307989940;
chkspeed.c;639343030;1;1307989940;
cookie_interface.c;2992888508;1;1307989940;
curlgtk.c;431288280;1;1307989940;
curlx.c;757366870;1;1307989940;
debug.c;2776994593;1;1307989940;
evhiperfifo.c;330996484;1;1307989940;
fileupload.c;1169523739;1;1307989940;
fopen.c;448150102;1;1307989940;
ftp-wildcard.c;1113175119;1;1307989940;
ftpget.c;2719145837;1;1307989940;
ftpgetinfo.c;2613297128;1;1307989940;
ftpgetresp.c;3024984567;1;1307989940;
ftpupload.c;1489563523;1;1307989940;
ftpuploadresume.c;2066940953;1;1307989940;
getinfo.c;2036948884;1;1307989940;
getinmemory.c;3809246984;1;1307989940;
ghiper.c;1527026720;1;1307989940;
hiperfifo.c;2421947179;1;1307989940;
htmltidy.c;1159967645;1;1307989940;
htmltitle.cc;2537455101;1;1307989940;
http-post.c;613746583;1;1307989940;
httpcustomheader.c;1902644510;1;1307989940;
httpput.c;3745962961;1;1307989940;
https.c;3447259982;1;1307989940;
makefile.dj;405374505;1;1307989940;
multi-app.c;2160976800;1;1307989940;
multi-debugcallback.c;4140113064;1;1307989940;
multi-double.c;61799885;1;1307989940;
multi-post.c;3056891920;1;1307989940;
multi-single.c;3675528133;1;1307989940;
multithread.c;3249112621;1;1307989940;
opensslthreadlock.c;782341785;1;1307989940;
persistant.c;588428615;1;1307989940;
post-callback.c;3289698480;1;1307989940;
postit2.c;2746442004;1;1307989940;
sampleconv.c;1333143237;1;1307989940;
sendrecv.c;2297941047;1;1307989940;
sepheaders.c;1890006890;1;1307989940;
simple.c;414517877;1;1307989940;
simplepost.c;1261369222;1;1307989940;
simplesmtp.c;3430532399;1;1307989940;
simplessl.c;4030524803;1;1307989940;
smooth-gtk-thread.c;874467611;1;1307989940;
smtp-multi.c;1494799838;1;1307989940;
smtp-tls.c;1339259644;1;1307989940;
synctime.c;4280503607;1;1307989940;
threaded-ssl.c;1200890534;1;1307989940;
version-check.pl;1375484922;1;1307989940;
