SCMBranch=External Dependencies
SCMRepository=External Dependencies/lib
SCMMainlineUUID={49768a25-3559-48c3-b9a1-b43d4686e928}
SCMBranchRepositoryID=342
xmlwrapp.lib;1050579543;4;1307034564;
xmlwrapp.pdb;846062843;2;1307034564;
xmlwrappd.lib;2681798436;3;1307034564;
xmlwrappd.pdb;1504351559;3;1307034565;
CFLite.exp;2530780028;1;1307984281;
libcurl.exp;2334633546;1;1307993301;
libcurl.lib;363163984;1;1307993301;
libpng13.exp;18100602;1;1307982374;
libpng13.lib;1573292499;1;1307982374;
objcrt.obj;2745677375;1;1307984095;
libicudt.lib;3512800919;1;1308069951;
libicuin.lib;4148597660;1;1308069985;
libicuuc.lib;627585502;1;1308069959;
zlib.lib;3610872288;4;1308347482;
ssleay32.lib;2528504361;2;1308349112;
sqlite.lib;4042193316;3;1308349241;
pthreadVC2.lib;1337940063;2;1308344291;
objc.lib;3763020717;2;1308344600;
libjpeg.lib;2855054012;2;1308348237;
libeay32.lib;1080003153;2;1308349101;
icuuc.lib;1166018665;3;1308343608;
icutu.lib;761635765;3;1308343618;
iculx.lib;158199468;3;1308343616;
icule.lib;1490230323;3;1308343610;
icuio.lib;2391485441;3;1308343618;
icuin.lib;1677614197;3;1308343617;
icudt.lib;3670748604;3;1308343595;
iconv.lib;4041216829;4;1308347347;
charset.lib;1329337374;3;1308347345;
SQLite3.lib;3846742172;1;1308367349;
CFLite.lib;3315084851;4;1309203743;
CFLite_Debug.lib;1469271095;3;1309203917;
libcurl_imp.lib;3011856684;3;1309206139;
libexslt.lib;3783228703;6;1309205570;
libpng.lib;89888127;3;1309202136;
libxml2.lib;4053224965;6;1309205296;
libxslt.lib;1231092470;6;1309205560;
zdll.lib;2967648107;2;1309201994;
cairo.lib;3696047672;5;1309218755;
