SCMBranch=External Dependencies
SCMRepository=External Dependencies/src/libpng
SCMMainlineUUID={49768a25-3559-48c3-b9a1-b43d4686e928}
SCMBranchRepositoryID=670
ANNOUNCE;3277356352;1;1258670888;
CHANGES;3523831126;1;1258670888;
INSTALL;2961485773;1;1258670888;
KNOWNBUG;2722873713;1;1258670888;
LICENSE;39980907;1;1258670888;
README;4139696652;1;1258670888;
TODO;998699851;1;1258670888;
Y2KINFO;194956721;1;1258670888;
configure;4292487912;1;1258670888;
example.c;3235473449;1;1258670888;
libpng-1.2.40.txt;3091662521;1;1258670888;
libpng.3;2976024504;1;1258670888;
libpng.lib;4087254468;1;1260509458;
libpngpf.3;594259173;1;1258670888;
png.5;2021465312;1;1258670888;
png.c;3350089207;1;1258670888;
png.h;257420858;1;1258670888;
png.obj;2433352821;1;1260509454;
pngbar.jpg;3528724232;1;1258670888;
pngbar.png;3785890960;1;1258670888;
pngconf.h;1027091249;1;1258670888;
pngerror.c;1623933574;1;1258670888;
pngerror.obj;1309258035;1;1260509454;
pnggccrd.c;458987649;1;1258670888;
pngget.c;3972087794;1;1258670888;
pngget.obj;1557840690;1;1260509454;
pngmem.c;3384941790;1;1258670888;
pngmem.obj;3795505314;1;1260509454;
pngnow.png;4156591119;1;1258670888;
pngout.png;3044086054;1;1260546864;
pngpread.c;2532104850;1;1258670888;
pngpread.obj;3417990040;1;1260509454;
pngread.c;1205183540;1;1258670888;
pngread.obj;1508320091;1;1260509456;
pngrio.c;3457424355;1;1258670888;
pngrio.obj;493735312;1;1260509456;
pngrtran.c;3432195059;1;1258670888;
pngrtran.obj;3315954738;1;1260509456;
pngrutil.c;4136297918;1;1258670888;
pngrutil.obj;2343613374;1;1260509456;
pngset.c;3315701861;1;1258670888;
pngset.obj;1135587091;1;1260509456;
pngtest.c;2156326109;1;1258670888;
pngtest.exe;13297649;1;1260546864;
pngtest.exe.manifest;2739752455;1;1260546864;
pngtest.obj;3559831188;1;1260546864;
pngtest.png;3044086054;1;1258670888;
pngtrans.c;3216197243;1;1258670888;
pngtrans.obj;2258534150;1;1260509456;
pngvcrd.c;1310160687;1;1258670888;
pngwio.c;3243875786;1;1258670888;
pngwio.obj;2632841201;1;1260509456;
pngwrite.c;1675834705;1;1258670888;
pngwrite.obj;4059058618;1;1260509456;
pngwtran.c;748691124;1;1258670888;
pngwtran.obj;2963119507;1;1260509458;
pngwutil.c;3369261970;1;1258670888;
pngwutil.obj;3923934924;1;1260509458;
