SCMBranch=External Dependencies
SCMRepository=External Dependencies/src/openssl/ssl
SCMMainlineUUID={49768a25-3559-48c3-b9a1-b43d4686e928}
SCMBranchRepositoryID=751
Makefile;1559117764;1;1264005330;
bio_ssl.c;3873934216;1;1114541601;
d1_both.c;43901340;1;1272891719;
d1_clnt.c;1529748646;1;1276348736;
d1_enc.c;3529280959;1;1294169580;
d1_lib.c;3549949365;1;1270556948;
d1_meth.c;978388861;1;1123285927;
d1_pkt.c;1839301486;1;1294169581;
d1_srvr.c;891915160;1;1265042920;
dtls1.h;2562564233;1;1271204232;
install.com;4211557762;1;1242405447;
kssl.c;2964852409;1;1267630451;
kssl.h;907837649;1;1113090955;
kssl_lcl.h;3092125461;1;1002700501;
s23_clnt.c;3266294050;1;1269970318;
s23_lib.c;2916963699;1;1276348737;
s23_meth.c;1956125664;1;1137344221;
s23_pkt.c;285780983;1;1026284507;
s23_srvr.c;3204411916;1;1266329982;
s2_clnt.c;2015048680;1;1231325303;
s2_enc.c;1247496794;1;1171658407;
s2_lib.c;3695528895;1;1169395645;
s2_meth.c;2223126552;1;1123285927;
s2_pkt.c;3640671060;1;1072541430;
s2_srvr.c;2006176663;1;1296734688;
s3_both.c;3291315991;1;1269472595;
s3_clnt.c;2056276896;1;1291315768;
s3_enc.c;3653143899;1;1276348737;
s3_lib.c;2621537806;1;1239121710;
s3_meth.c;1558295346;1;1123285927;
s3_pkt.c;2960447897;1;1269436602;
s3_srvr.c;1811709597;1;1291315768;
ssl-lib.com;2244646275;1;1266822324;
ssl.h;541847304;1;1262800780;
ssl2.h;1158263467;1;1005354988;
ssl23.h;3295455856;1;914237750;
ssl3.h;2018489094;1;1262800781;
ssl_algs.c;2876381909;1;1270646388;
ssl_asn1.c;1392097496;1;1276348737;
ssl_cert.c;1672442866;1;1269472595;
ssl_ciph.c;1583757193;1;1276348737;
ssl_err.c;4077747541;1;1262800781;
ssl_err2.c;4116077935;1;982656718;
ssl_lib.c;418021760;1;1276348737;
ssl_locl.h;1979458111;1;1260278137;
ssl_rsa.c;1937181992;1;1252796999;
ssl_sess.c;2814619162;1;1265042920;
ssl_stat.c;589611957;1;1263669511;
ssl_task.c;2288705116;1;1037202200;
ssl_txt.c;4137902009;1;1263668563;
ssltest.c;1195534370;1;1276348737;
t1_clnt.c;286841451;1;1123285927;
t1_enc.c;3106267734;1;1276348738;
t1_lib.c;2413682685;1;1297185046;
t1_meth.c;2132017854;1;1123285927;
t1_reneg.c;3017005086;1;1261955020;
t1_srvr.c;3714677331;1;1123285928;
tls1.h;3362856731;1;1257691914;
