SCMBranch=External Dependencies
SCMRepository=External Dependencies/src/openssl/crypto/x509
SCMMainlineUUID={49768a25-3559-48c3-b9a1-b43d4686e928}
SCMBranchRepositoryID=950
Makefile;1371061395;1;1221671466;
by_dir.c;348712135;1;1266603939;
by_file.c;2943229887;1;1102195551;
x509.h;41664394;1;1286132157;
x509_att.c;42017157;1;1214522812;
x509_cmp.c;671382138;1;1234699839;
x509_d2.c;2809001151;1;982598541;
x509_def.c;3419135834;1;937072451;
x509_err.c;674255584;1;1164140085;
x509_ext.c;2348559991;1;977924561;
x509_lu.c;2637304255;1;1266603939;
x509_obj.c;2039074212;1;1014900136;
x509_r2x.c;3174454266;1;1139426185;
x509_req.c;2460864837;1;1165259458;
x509_set.c;704032773;1;964574317;
x509_trs.c;3634188774;1;1225910209;
x509_txt.c;592994128;1;1179597861;
x509_v3.c;950206885;1;1122411317;
x509_vfy.c;379976825;1;1288713420;
x509_vfy.h;2031084054;1;1246016061;
x509_vpm.c;3876073813;1;1246360944;
x509cset.c;871000262;1;1225910209;
x509name.c;2681860684;1;1112178360;
x509rset.c;1983172738;1;924905556;
x509spki.c;3934189358;1;1225910209;
x509type.c;4045558525;1;1070059159;
x_all.c;2412550236;1;1286132157;
