SCMBranch=External Dependencies
SCMRepository=External Dependencies/src/cairo/cairo/build
SCMMainlineUUID={49768a25-3559-48c3-b9a1-b43d4686e928}
SCMBranchRepositoryID=679
Makefile.am.analysis;1259054673;1;1276861630;
Makefile.am.changelog;1321317104;1;1245016404;
Makefile.am.common;2019048759;1;1227196351;
Makefile.am.gtk-doc;1710658203;1;1293286893;
Makefile.am.releasing;2421092367;1;1249056565;
Makefile.win32.common.bak;84611396;1;1308011104;
Makefile.win32.features.bak;4014897063;1;1308009734;
aclocal.compare.m4;161808809;1;1245016404;
aclocal.enable.m4;2855540310;1;1276861630;
aclocal.float.m4;3696673997;1;1227196351;
aclocal.gtk-doc.m4;1829059854;1;1227196351;
aclocal.makefile.m4;4211424650;1;1227196351;
compile;2637902569;1;1250285612;
config.guess;2706238943;1;1250285612;
config.sub;3507448389;1;1250285612;
configure.ac.analysis;1831652052;1;1276861630;
configure.ac.pthread;2103225461;1;1280142307;
configure.ac.system;898889643;1;1276861630;
configure.ac.tools;1283941631;1;1249555693;
configure.ac.version;3044236151;1;1227386677;
depcomp;1146531353;1;1250285614;
install-sh;2838778597;1;1250285612;
libtool.m4;367631545;1;1277542370;
ltmain.sh;2953585716;1;1277542370;
ltoptions.m4;274936591;1;1277542370;
ltsugar.m4;2315052578;1;1277542370;
ltversion.m4;3020937254;1;1277542370;
lt~obsolete.m4;1325605329;1;1277542370;
missing;4023022175;1;1250285612;
Makefile.win32.common;197839870;2;1309206579;
aclocal.dolt.m4;3844601322;1;1254507728;
aclocal.shave.m4;3526274130;1;1254507728;
shave.in;2704914047;1;1254507728;
shave-libtool.in;571014711;1;1254507728;
aclocal.cairo.m4;3531471751;2;1254507728;
aclocal.pkg.m4;2567115441;2;1254507728;
configure.ac.features;80441467;2;1254507728;
configure.ac.noversion;2181510781;2;1254507728;
configure.ac.warnings;3310537963;2;1254507728;
Makefile.win32.features;1707098013;2;1309218408;
Makefile.win32.features-h;2236718171;2;1309218420;
