SCMBranch=External Dependencies
SCMRepository=External Dependencies/src/openssl/crypto/bio
SCMMainlineUUID={49768a25-3559-48c3-b9a1-b43d4686e928}
SCMBranchRepositoryID=903
Makefile;1847398990;1;1221601479;
b_dump.c;1834700598;1;1116288507;
b_print.c;1529603150;1;1189875957;
b_sock.c;3719521865;1;1275311872;
bf_buff.c;3890063535;1;1055357025;
bf_lbuf.c;1211943848;1;1014893504;
bf_nbio.c;4097823903;1;1276348728;
bf_null.c;2746152236;1;997034495;
bio.h;2426747853;1;1252086810;
bio_cb.c;1683019973;1;1072536012;
bio_err.c;287673982;1;1164140076;
bio_lcl.h;2851720491;1;1116288508;
bio_lib.c;3769558887;1;1276348728;
bss_acpt.c;3447339496;1;1276348728;
bss_bio.c;652905034;1;1230243861;
bss_conn.c;3352271328;1;1138918605;
bss_dgram.c;1127162882;1;1253619238;
bss_fd.c;538133977;1;1116288508;
bss_file.c;1934876527;1;1269297618;
bss_log.c;963716316;1;1070025054;
bss_mem.c;2867308652;1;1236445123;
bss_null.c;1569714457;1;958431246;
bss_rtcp.c;1707403947;1;968522726;
bss_sock.c;845969031;1;1269732513;
