SCMBranch=External Dependencies
SCMRepository=External Dependencies/src/libiconv
SCMMainlineUUID={49768a25-3559-48c3-b9a1-b43d4686e928}
SCMBranchRepositoryID=413
ABOUT-NLS;1176227563;1;1307034565;
aclocal.m4;3164419604;1;1307034565;
AUTHORS;137554368;1;1307034565;
ChangeLog;1756819638;1;1307034565;
config.h;4186371250;1;1307034565;
config.h.in;3518596160;1;1307034565;
config.h.msvc;4186371250;1;1307034565;
config.h.orig;4186371250;1;1307034565;
config.h_vms;1528675344;1;1307034565;
configure;4164180012;1;1307034565;
configure.ac;187792060;1;1307034565;
COPYING.LIB;68789668;1;1307034565;
DESIGN;2152382918;1;1307034565;
INSTALL.generic;837466651;1;1307034565;
Makefile.devel;833503353;1;1307034565;
Makefile.in;4074000304;1;1307034565;
Makefile.os2;301541595;1;1307034565;
Makefile.vms;378493934;1;1307034565;
NEWS;2902926754;1;1307034565;
NOTES;2994448505;1;1307034565;
PORTS;1847514306;1;1307034565;
README;4029569740;1;1307034565;
README.djgpp;348386126;1;1307034565;
README.os2;841435752;1;1307034565;
README.woe32;3439011378;1;1307034565;
THANKS;2419030386;1;1307034565;
Makefile.msvc;3993376652;4;1307753885;
