SCMBranch=External Dependencies
SCMRepository=External Dependencies/src/cairo/pixman/pixman
SCMMainlineUUID={49768a25-3559-48c3-b9a1-b43d4686e928}
SCMBranchRepositoryID=676
Makefile.am;2919219509;1;1304257101;
Makefile.in;1593481471;1;1304327151;
Makefile.win32;3292725189;1;1308009175;
Makefile.win32.bak;476210478;1;1308009116;
make-combine.pl;3855805917;1;1297141773;
pixman-access-accessors.c;393633607;1;1297141773;
pixman-access.c;2434954354;1;1303824610;
pixman-accessor.h;1299346103;1;1300541989;
pixman-arm-common.h;3563588383;1;1304257101;
pixman-arm-neon-asm-bilinear.S;607340778;1;1304257101;
pixman-arm-neon-asm.S;1139169742;1;1304257101;
pixman-arm-neon-asm.h;1926793295;1;1303824564;
pixman-arm-neon.c;2015066511;1;1304257101;
pixman-arm-simd-asm.S;80534874;1;1303824564;
pixman-arm-simd.c;2136657216;1;1303824564;
pixman-bits-image.c;3406301219;1;1304318452;
pixman-combine.c.template;3372682090;1;1303824564;
pixman-combine.h.template;3945423864;1;1298636299;
pixman-compiler.h;1049404009;1;1304327012;
pixman-conical-gradient.c;579169036;1;1303824564;
pixman-cpu.c;3562146929;1;1303824600;
pixman-edge-accessors.c;703568563;1;1297141773;
pixman-edge-imp.h;3989249393;1;1297141773;
pixman-edge.c;1943401405;1;1300541989;
pixman-fast-path.c;1618791735;1;1303824588;
pixman-fast-path.h;3368658512;1;1303824588;
pixman-general.c;933558414;1;1303892595;
pixman-gradient-walker.c;3470916217;1;1297141773;
pixman-image.c;181892700;1;1304318452;
pixman-implementation.c;2310779644;1;1303824600;
pixman-linear-gradient.c;1484223375;1;1303824564;
pixman-matrix.c;919702413;1;1303824564;
pixman-mmx.c;951043116;1;1303824564;
pixman-private.h;2454623646;1;1304327012;
pixman-radial-gradient.c;3608054158;1;1303824564;
pixman-region.c;948158214;1;1303824564;
pixman-region16.c;1165534306;1;1303824564;
pixman-region32.c;117946855;1;1303824564;
pixman-solid-fill.c;408545372;1;1303824564;
pixman-sse2.c;40937453;1;1303824588;
pixman-timer.c;1756844145;1;1297141773;
pixman-trap.c;980451295;1;1304257101;
pixman-utils.c;2480194898;1;1303824564;
pixman-version.h;2227065836;1;1304327158;
pixman-version.h.in;2240617536;1;1297141773;
pixman-vmx.c;1263020428;1;1303824564;
pixman.c;609469335;1;1304327012;
pixman.h;2229315888;1;1304318452;
solaris-hwcap.mapfile;2291582714;1;1303824564;
pixman-combine32.c;3470627983;1;1309220104;
pixman-combine32.h;3632403603;1;1309220104;
pixman-combine64.c;3557690435;1;1309220104;
pixman-combine64.h;634705972;1;1309220104;
