SCMBranch=External Dependencies
SCMRepository=External Dependencies/src/libiconv/lib
SCMMainlineUUID={49768a25-3559-48c3-b9a1-b43d4686e928}
SCMBranchRepositoryID=418
aliases.gperf;2075819067;2;1307034566;
aliases.h;518219628;2;1307034566;
aliases2.h;4027245929;1;1307034566;
aliases_aix.h;1633655164;1;1307034566;
aliases_dos.h;292018139;1;1307034566;
aliases_extra.h;904650822;1;1307034566;
aliases_osf1.h;1043890517;1;1307034566;
armscii_8.h;915589374;1;1307034566;
ascii.h;3296873851;1;1307034566;
atarist.h;4232159599;1;1307034566;
big5.h;1463917875;1;1307034566;
big5_2003.h;2404691301;1;1307034566;
big5hkscs1999.h;943721267;1;1307034566;
big5hkscs2001.h;131839264;1;1307034566;
big5hkscs2004.h;2097965165;1;1307034566;
c99.h;3104194521;1;1307034566;
canonical.h;31809667;1;1307034566;
canonical_aix.h;417483448;1;1307034566;
canonical_dos.h;1295689726;1;1307034566;
canonical_extra.h;2431705886;1;1307034566;
canonical_local.h;478581180;1;1307034566;
canonical_osf1.h;3794189621;1;1307034566;
ces_big5.h;1192710729;1;1307034566;
ces_gbk.h;2935029926;1;1307034566;
cjk_variants.h;2766808230;1;1307034566;
cns11643.h;4075282874;1;1307034566;
cns11643_1.h;2694623765;1;1307034566;
cns11643_15.h;2233571925;1;1307034566;
cns11643_2.h;1082474885;1;1307034566;
cns11643_3.h;4233929179;1;1307034566;
cns11643_4.h;1860829297;1;1307034566;
cns11643_4a.h;651058617;1;1307034566;
cns11643_4b.h;271349522;1;1307034566;
cns11643_5.h;2210257467;1;1307034566;
cns11643_6.h;1247242415;1;1307034566;
cns11643_7.h;4070393669;1;1307034566;
cns11643_inv.h;2616217433;1;1307034566;
config.h.in;3376307932;1;1307034567;
config.h.msvc;748793581;1;1307034567;
config.h_vms;2976163896;1;1307034567;
converters.h;2358608723;2;1307034567;
cp1046.h;908329195;1;1307034567;
cp1124.h;3452762947;1;1307034567;
cp1125.h;3591761783;1;1307034567;
cp1129.h;3865940109;1;1307034567;
cp1133.h;1298478398;1;1307034567;
cp1161.h;590460573;1;1307034567;
cp1162.h;1853401227;1;1307034567;
cp1163.h;54088584;1;1307034567;
cp1250.h;302661795;1;1307034567;
cp1251.h;4115188671;1;1307034567;
cp1252.h;3090705954;1;1307034567;
cp1253.h;3857885592;1;1307034567;
cp1254.h;3684531481;1;1307034567;
cp1255.h;1454000902;1;1307034567;
cp1256.h;3170885366;1;1307034567;
cp1257.h;1313719605;1;1307034567;
cp1258.h;3449661728;1;1307034567;
cp437.h;2960986997;1;1307034567;
cp737.h;347871729;1;1307034567;
cp775.h;4142200984;1;1307034567;
cp850.h;1855952069;1;1307034567;
cp852.h;2735018794;1;1307034567;
cp853.h;1058791458;1;1307034567;
cp855.h;3997190085;1;1307034567;
cp856.h;3271407416;1;1307034567;
cp857.h;3572772633;1;1307034567;
cp858.h;1114561184;1;1307034567;
cp860.h;828776179;1;1307034567;
cp861.h;1145440211;1;1307034567;
cp862.h;2870406395;1;1307034567;
cp863.h;4169480968;1;1307034567;
cp864.h;2174238585;1;1307034567;
cp865.h;882052878;1;1307034567;
cp866.h;3402786196;1;1307034567;
cp869.h;3712686005;1;1307034567;
cp874.h;1746627779;1;1307034567;
cp922.h;2110956980;1;1307034567;
cp932.h;2290913998;1;1307034567;
cp932ext.h;3447327881;1;1307034567;
cp936.h;3549362806;1;1307034567;
cp936ext.h;42357591;1;1307034567;
cp943.h;2162107765;1;1307034567;
cp949.h;2131215487;1;1307034567;
cp950.h;3142605903;1;1307034567;
cp950ext.h;3513438764;1;1307034567;
dec_hanyu.h;72606790;1;1307034567;
dec_kanji.h;3593918095;1;1307034567;
encodings.def;3677960436;2;1307034567;
encodings_aix.def;3101664458;1;1307034567;
encodings_dos.def;890407811;1;1307034567;
encodings_extra.def;2379331389;1;1307034567;
encodings_local.def;2260249755;1;1307034567;
encodings_osf1.def;609617389;1;1307034567;
euc_cn.h;2610940498;1;1307034567;
euc_jisx0213.h;3238341025;1;1307034567;
euc_jp.h;1663011413;1;1307034567;
euc_kr.h;3165109105;1;1307034567;
euc_tw.h;1333727835;1;1307034567;
flags.h;3728594636;1;1307034567;
flushwc.h;3911411099;1;1307034567;
gb12345.h;1647539260;1;1307034567;
gb12345ext.h;3229857890;1;1307034567;
gb18030.h;4045561786;1;1307034567;
gb18030ext.h;2717309474;1;1307034567;
gb18030uni.h;2045819523;1;1307034567;
gb2312.h;2052267987;1;1307034567;
gbk.h;3258788997;1;1307034567;
gbkext1.h;3312820690;1;1307034567;
gbkext2.h;277069441;1;1307034567;
gbkext_inv.h;4110018589;1;1307034567;
genaliases.c;2333503503;1;1307034567;
genaliases2.c;655484437;1;1307034567;
genflags.c;1803056268;1;1307034567;
gentranslit.c;1110436148;1;1307034567;
georgian_academy.h;2639610560;1;1307034567;
georgian_ps.h;525261705;1;1307034567;
hkscs1999.h;327055332;1;1307034567;
hkscs2001.h;1951355100;1;1307034567;
hkscs2004.h;3977397624;1;1307034567;
hp_roman8.h;650338691;1;1307034567;
hz.h;1290148579;1;1307034567;
iconv.c;1919697735;1;1307034567;
iso2022_cn.h;660103799;1;1307034567;
iso2022_cnext.h;1787096814;1;1307034567;
iso2022_jp.h;3102622051;1;1307034567;
iso2022_jp1.h;2906245400;1;1307034567;
iso2022_jp2.h;1182990140;1;1307034567;
iso2022_jp3.h;1445981053;1;1307034567;
iso2022_kr.h;3145727947;1;1307034567;
iso646_cn.h;984906518;1;1307034568;
iso646_jp.h;3878318087;1;1307034568;
iso8859_1.h;3345578562;1;1307034568;
iso8859_10.h;792512342;1;1307034568;
iso8859_11.h;3578847811;1;1307034568;
iso8859_13.h;2629664203;1;1307034568;
iso8859_14.h;1501119245;1;1307034568;
iso8859_15.h;1290705153;1;1307034568;
iso8859_16.h;2947417021;1;1307034568;
iso8859_2.h;2361029395;1;1307034568;
iso8859_3.h;1204881826;1;1307034568;
iso8859_4.h;93651143;1;1307034568;
iso8859_5.h;9762156;1;1307034568;
iso8859_6.h;283138648;1;1307034568;
iso8859_7.h;764036499;1;1307034568;
iso8859_8.h;1164731445;1;1307034568;
iso8859_9.h;4271621538;1;1307034568;
isoir165.h;1004334147;1;1307034568;
isoir165ext.h;926284189;1;1307034568;
java.h;3516979217;1;1307034568;
jisx0201.h;1362916410;1;1307034568;
jisx0208.h;416691270;1;1307034568;
jisx0212.h;3945218355;1;1307034568;
jisx0213.h;2189358635;1;1307034568;
johab.h;2576735844;1;1307034568;
johab_hangul.h;3625234463;1;1307034568;
koi8_r.h;854064032;1;1307034568;
koi8_ru.h;2957760114;1;1307034568;
koi8_t.h;1753169312;1;1307034568;
koi8_u.h;2538136410;1;1307034568;
ksc5601.h;2401923388;1;1307034568;
loop_unicode.h;458565395;1;1307034568;
loop_wchar.h;2968269162;1;1307034568;
loops.h;575088165;1;1307034568;
mac_arabic.h;1991985887;1;1307034568;
mac_centraleurope.h;1137020325;1;1307034568;
mac_croatian.h;4191638929;1;1307034568;
mac_cyrillic.h;1290966428;1;1307034568;
mac_greek.h;3164015745;1;1307034568;
mac_hebrew.h;1804859166;1;1307034568;
mac_iceland.h;1750122868;1;1307034568;
mac_roman.h;420270352;1;1307034568;
mac_romania.h;1514317585;1;1307034568;
mac_thai.h;3107657449;1;1307034568;
mac_turkish.h;1021678094;1;1307034568;
mac_ukraine.h;748889572;1;1307034568;
Makefile.in;3254023905;1;1307034568;
Makefile.os2;1982991350;1;1307034568;
Makefile.vms;1445014198;1;1307034568;
mulelao.h;3852705;1;1307034568;
nextstep.h;1780610029;1;1307034568;
pt154.h;2418281468;1;1307034568;
relocatable.c;2734783955;1;1307034568;
relocatable.h;1533576750;1;1307034568;
riscos1.h;816510201;1;1307034568;
shift_jisx0213.h;1528355205;1;1307034568;
sjis.h;3664470748;1;1307034568;
tcvn.h;1807614664;1;1307034568;
tds565.h;1575956129;1;1307034568;
tis620.h;1056819775;1;1307034569;
translit.def;3034229936;1;1307034569;
translit.h;2843218132;1;1307034572;
ucs2.h;3338886219;1;1307034572;
ucs2be.h;482614286;1;1307034572;
ucs2internal.h;2467227749;1;1307034572;
ucs2le.h;250281931;1;1307034572;
ucs2swapped.h;4120169179;1;1307034572;
ucs4.h;3867649594;1;1307034572;
ucs4be.h;987387085;1;1307034572;
ucs4internal.h;332281421;1;1307034572;
ucs4le.h;2753861528;1;1307034572;
ucs4swapped.h;374927388;1;1307034572;
uhc_1.h;2274736813;1;1307034572;
uhc_2.h;447525340;1;1307034572;
utf16.h;2576161601;1;1307034572;
utf16be.h;2380485598;1;1307034572;
utf16le.h;2982420280;1;1307034572;
utf32.h;1947406250;1;1307034572;
utf32be.h;1958044157;1;1307034572;
utf32le.h;3142598153;1;1307034572;
utf7.h;4010909741;1;1307034572;
utf8.h;1189550401;1;1307034572;
utf8mac.h;1670443052;1;1307034572;
vietcomb.h;1816874536;1;1307034572;
viscii.h;3236669357;1;1307034572;
config.h;748793581;1;1307034567;
localcharset.h;672632707;1;1307034573;
Makefile.msvc;4186558008;4;1308346713;
