SCMBranch=External Dependencies
SCMRepository=External Dependencies/src/libiconv/libcharset/tools
SCMMainlineUUID={49768a25-3559-48c3-b9a1-b43d4686e928}
SCMBranchRepositoryID=437
aix-3.2.5;3956775120;1;1307034575;
aix-4.1.5;2422352486;1;1307034575;
aix-4.2.0;2660036721;1;1307034575;
aix-4.3.2;3389867213;1;1307034575;
all-charsets;3692572060;1;1307034575;
all-charsets-X11;3215989775;1;1307034575;
all-locales;2707192718;1;1307034575;
beos-5;4166247714;1;1307034575;
darwin-6.8;3356753276;1;1307034575;
darwin-7.5;2078772697;1;1307034575;
freebsd-3.3;1662788934;1;1307034575;
glibc-2.1.3;2784444018;1;1307034575;
glibc-2.1.90;2527388409;1;1307034575;
glibc-2.2;3492438107;1;1307034575;
glibc-2.2-XF86-3.3.6;2628749907;1;1307034575;
glibc-2.2-XF86-4.0.1f;3590226745;1;1307034575;
hpux-10.01;2607286595;1;1307034575;
hpux-10.20;983203021;1;1307034575;
hpux-11.00;1878533422;1;1307034575;
irix-6.5;604913640;1;1307034575;
locale_charmap;1178923820;1;1307034575;
locale_charset.c;3894152056;1;1307034575;
locale_codeset.c;789574670;1;1307034575;
locale_x11encoding.c;4276633851;1;1307034575;
netbsd-3.0;80150310;1;1307034575;
osf1-4.0a;3354968124;1;1307034575;
osf1-4.0d;2168317498;1;1307034575;
osf1-5.1;985905548;1;1307034575;
README;692109835;1;1307034575;
solaris-2.4;2424632344;1;1307034575;
solaris-2.5.1;3095336948;1;1307034575;
solaris-2.6;3414273971;1;1307034575;
solaris-2.6-cjk;233252921;1;1307034575;
solaris-2.7;1553240857;1;1307034575;
sunos-4.1.4;906109296;1;1307034575;
win32;2334683725;1;1307034575;
