SCMBranch=External Dependencies
SCMRepository=External Dependencies/src/libiconv/srclib
SCMMainlineUUID={49768a25-3559-48c3-b9a1-b43d4686e928}
SCMBranchRepositoryID=425
alloca_.h;371497886;1;1307034577;
allocsa.c;3843278926;1;1307034577;
allocsa.h;2851270193;1;1307034577;
binary-io.h;4225587753;1;1307034577;
canonicalize.c;3673572125;1;1307034577;
canonicalize.h;67301346;1;1307034577;
cjk.h;4020169481;1;1307034577;
error.c;2467586399;1;1307034577;
error.h;3745301725;1;1307034577;
exit.h;1258756901;1;1307034577;
gettext.h;3780738625;1;1307034577;
Makefile.am;907022646;1;1307034577;
Makefile.in;3980663868;1;1307034577;
Makefile.vms;2594421482;1;1307034577;
memmove.c;1207171630;1;1307034577;
pathmax.h;1597587964;1;1307034577;
progname.c;4027947687;1;1307034577;
progname.h;837748092;1;1307034577;
progreloc.c;3794205871;1;1307034577;
readlink.c;2256100908;1;1307034577;
relocatable.c;4255215525;1;1307034577;
relocatable.h;1533576750;1;1307034577;
relocwrapper.c;3799256455;1;1307034577;
setenv.c;1355380341;1;1307034577;
setenv.h;401616044;1;1307034577;
stdbool_.h;2414827563;1;1307034577;
stdint.h;2656129409;1;1307034577;
stdint_.h;3280522389;1;1307034577;
streq.h;3111849299;1;1307034577;
strerror.c;1896996695;1;1307034577;
unitypes.h;2484692715;1;1307034577;
uniwidth.h;515262117;1;1307034577;
unlocked-io.h;457877617;1;1307034577;
unsetenv.c;3973847921;2;1307034577;
width.c;4053656121;1;1307034577;
xalloc.h;37922413;1;1307034577;
xmalloc.c;3320379464;1;1307034577;
xreadlink.c;2608147712;1;1307034578;
xreadlink.h;4230548527;1;1307034578;
xstrdup.c;3917515229;1;1307034578;
Makefile.msvc;231871793;4;1308346735;
