SCMBranch=External Dependencies
SCMRepository=External Dependencies/src/icu/source/io
SCMMainlineUUID={49768a25-3559-48c3-b9a1-b43d4686e928}
SCMBranchRepositoryID=661
Makefile.in;572450337;1;1207088263;
io.rc;3892453540;1;1215802412;
io.vcproj;1054267128;1;1307144128;
io.vcproj.8.00.old;2734012871;1;1215802412;
locbund.c;3657477291;1;1207088263;
locbund.h;4213485415;1;1157065506;
sprintf.c;1397759762;1;1215802412;
sscanf.c;960914856;1;1101322487;
ucln_io.c;1330515630;1;1157065506;
ucln_io.h;3553239161;1;1157065506;
ufile.c;4076667643;1;1215802412;
ufile.h;3051143525;1;1207088263;
ufmt_cmn.c;3119661162;1;1157065506;
ufmt_cmn.h;1242958353;1;1101322487;
uprintf.c;2071067691;1;1101322487;
uprintf.h;1096655430;1;1157065506;
uprntf_p.c;693382551;1;1215802412;
uscanf.c;4113298105;1;1101322488;
uscanf.h;3478447951;1;1088210974;
uscanf_p.c;280257925;1;1157065507;
ustdio.c;3579639647;1;1215802412;
ustream.cpp;3314372978;1;1207088263;
