SCMBranch=External Dependencies
SCMRepository=External Dependencies/src/icu/source/config
SCMMainlineUUID={49768a25-3559-48c3-b9a1-b43d4686e928}
SCMBranchRepositoryID=657
Makefile.inc.in;3103679018;1;1215802399;
icu-config-bottom;1526014971;1;1207088236;
icu-config-top;3801409105;1;1088210962;
icu-config.1.in;614481086;1;1215802399;
make2sh.sed;350519311;1;1157065395;
mh-aix-gcc;3325723785;1;1207088236;
mh-aix-va;2918029907;1;1157065395;
mh-alpha-linux-cc;1064490250;1;1157065395;
mh-alpha-linux-gcc;1045526510;1;1157065395;
mh-alpha-osf;251157642;1;1157065395;
mh-beos;3224628993;1;1157065395;
mh-bsd-gcc;3262877829;1;1157065395;
mh-cygwin;1223830348;1;1157065395;
mh-cygwin-msvc;295861510;1;1215802399;
mh-darwin;3398334482;1;1215802399;
mh-hpux-acc;2328508708;1;1207088236;
mh-hpux-gcc;807894623;1;1088210962;
mh-irix;1931258294;1;1157065396;
mh-linux;1320731582;1;1157065396;
mh-linux-va;1260418607;1;1157065396;
mh-mingw;2141042493;1;1207088236;
mh-mpras;4137240345;1;1088210962;
mh-os390;1524066992;1;1207088236;
mh-os400;2803030599;1;1123802296;
mh-qnx;1416678536;1;1157065396;
mh-solaris;1709215448;1;1157065396;
mh-solaris-gcc;3757063953;1;1157065396;
mh-unknown;2989416041;1;1057256013;
test-icu-config.sh;2959086215;1;1044480677;
