SCMBranch=External Dependencies
SCMRepository=External Dependencies/src/icu/source/data/coll
SCMMainlineUUID={49768a25-3559-48c3-b9a1-b43d4686e928}
SCMBranchRepositoryID=791
ar.txt;103075230;1;1215802399;
ar_AE.txt;865881303;1;1215802399;
ar_BH.txt;4211160804;1;1215802399;
ar_DZ.txt;3242675108;1;1215802399;
ar_EG.txt;3710423300;1;1215802399;
ar_IQ.txt;3584028670;1;1215802399;
ar_JO.txt;3564468734;1;1215802399;
ar_KW.txt;3014636633;1;1215802399;
ar_LB.txt;2197234553;1;1215802399;
ar_LY.txt;999112749;1;1215802399;
ar_MA.txt;1549241738;1;1215802399;
ar_OM.txt;3440244771;1;1215802399;
ar_QA.txt;2585722093;1;1215802399;
ar_SA.txt;2935440048;1;1215802399;
ar_SD.txt;3577894327;1;1215802399;
ar_SY.txt;1054987033;1;1215802399;
ar_TN.txt;2296309072;1;1215802399;
ar_YE.txt;2617655562;1;1215802399;
as.txt;2126201667;1;1215802399;
as_IN.txt;1132125018;1;1215802399;
be.txt;720974818;1;1215802399;
be_BY.txt;994000767;1;1215802399;
bg.txt;794606200;1;1215802399;
bg_BG.txt;3603131307;1;1215802399;
bn.txt;854079532;1;1215802399;
bn_IN.txt;3922680665;1;1215802399;
ca.txt;1645289278;1;1215802399;
ca_ES.txt;3968130919;1;1215802399;
colfiles.mk;3262815789;1;1215802399;
collocal.mk;13939635;1;1183773519;
cs.txt;205507786;1;1215802399;
cs_CZ.txt;3798197133;1;1215802399;
cy.txt;2605758737;1;1215802399;
da.txt;855570246;1;1215802399;
da_DK.txt;3406458324;1;1215802399;
de.txt;2973254819;1;1215802399;
de_.txt;36872180;1;1215802399;
de_AT.txt;1740057513;1;1215802399;
de_BE.txt;3934422176;1;1215802399;
de_CH.txt;385237198;1;1215802399;
de_DE.txt;3082307143;1;1215802399;
de_LU.txt;2214961661;1;1215802399;
de__PHONEBOOK.txt;3340560272;1;1215802399;
el.txt;3364804764;1;1215802399;
el_GR.txt;4210592826;1;1215802399;
en.txt;2943002697;1;1215802399;
en_AU.txt;1948506164;1;1215802399;
en_BE.txt;3229314750;1;1215802399;
en_BW.txt;811703054;1;1215802399;
en_CA.txt;1970224180;1;1215802399;
en_GB.txt;902869619;1;1215802399;
en_HK.txt;2458257693;1;1215802399;
en_IE.txt;1201553294;1;1215802399;
en_IN.txt;520045076;1;1215802399;
en_MT.txt;1616711278;1;1215802399;
en_NZ.txt;2175567520;1;1215802399;
en_PH.txt;342947389;1;1215802399;
en_SG.txt;1535782247;1;1215802399;
en_US.txt;857060829;1;1215802399;
en_US_POSIX.txt;4274004178;1;1215802399;
en_VI.txt;3879823182;1;1215802399;
en_ZA.txt;758738407;1;1215802399;
en_ZW.txt;2684065491;1;1215802399;
eo.txt;4189729296;1;1215802399;
es.txt;2557741968;1;1215802399;
es_.txt;3296413921;1;1215802399;
es_AR.txt;848477266;1;1215802399;
es_BO.txt;437573807;1;1215802399;
es_CL.txt;3300161116;1;1215802399;
es_CO.txt;3990389921;1;1215802399;
es_CR.txt;108724751;1;1215802399;
es_DO.txt;1194203720;1;1215802399;
es_EC.txt;357666226;1;1215802399;
es_ES.txt;4115305340;1;1215802399;
es_GT.txt;1030855503;1;1215802399;
es_HN.txt;1397804050;1;1215802399;
es_MX.txt;2139953042;1;1215802399;
es_NI.txt;4072192155;1;1215802399;
es_PA.txt;1880488134;1;1215802399;
es_PE.txt;2779495509;1;1215802399;
es_PR.txt;3110212853;1;1215802399;
es_PY.txt;3758319983;1;1215802399;
es_SV.txt;2952376885;1;1215802399;
es_US.txt;2306238421;1;1215802399;
es_UY.txt;2115783131;1;1215802399;
es_VE.txt;4170284722;1;1215802399;
es__TRADITIONAL.txt;280671422;1;1215802399;
et.txt;3876232176;1;1215802399;
et_EE.txt;3439073954;1;1215802399;
fa.txt;414155296;1;1215802399;
fa_AF.txt;1239294358;1;1215802399;
fa_IR.txt;3411891082;1;1215802399;
fi.txt;11336052;1;1215802399;
fi_FI.txt;3082540383;1;1215802399;
fo.txt;3002266996;1;1215802399;
fo_FO.txt;2486653228;1;1215802399;
fr.txt;3341158598;1;1215802399;
fr_BE.txt;2968375696;1;1215802399;
fr_CA.txt;2459945229;1;1215802399;
fr_CH.txt;1285101054;1;1215802399;
fr_FR.txt;3321300362;1;1215802399;
fr_LU.txt;3731551437;1;1215802399;
ga.txt;2563260350;1;1215802399;
ga_IE.txt;2951851616;1;1215802399;
gu.txt;3747235440;1;1215802399;
gu_IN.txt;2788873270;1;1215802399;
haw.txt;1101619105;1;1215802399;
he.txt;2972781446;1;1215802399;
he_IL.txt;3613169919;1;1215802399;
hi.txt;1263003085;1;1215802399;
hi_.txt;3290529800;1;1215802399;
hi_IN.txt;2995911300;1;1215802399;
hi__DIRECT.txt;2131160753;1;1215802399;
hr.txt;1810606520;1;1215802399;
hr_HR.txt;3418603569;1;1215802399;
hu.txt;1700925098;1;1215802399;
hu_HU.txt;3160736949;1;1215802399;
id.txt;1843467050;1;1215802399;
id_ID.txt;2153979631;1;1215802399;
in.txt;1831883530;1;1215802399;
in_ID.txt;2974322232;1;1215802399;
is.txt;141761799;1;1215802399;
is_IS.txt;3160722745;1;1215802399;
it.txt;890990771;1;1215802399;
it_CH.txt;1764072366;1;1215802399;
it_IT.txt;3418491325;1;1215802399;
iw.txt;3515658188;1;1215802399;
iw_IL.txt;1068218505;1;1215802399;
ja.txt;3446944753;1;1215802399;
ja_JP.txt;2084883259;1;1215802399;
kk.txt;1511846670;1;1215802399;
kk_KZ.txt;995887697;1;1215802399;
kl.txt;1321428149;1;1215802399;
kl_GL.txt;3097429569;1;1215802399;
km.txt;2192710795;1;1215802399;
kn.txt;4138616017;1;1215802399;
kn_IN.txt;2656549948;1;1215802399;
ko.txt;2621127586;1;1215802399;
ko_KR.txt;355976248;1;1215802399;
kok.txt;2208955976;1;1215802399;
lt.txt;3653332155;1;1215802399;
lt_LT.txt;1719301054;1;1215802399;
lv.txt;2893826314;1;1215802399;
lv_LV.txt;3459183184;1;1215802399;
mk.txt;2773089492;1;1215802399;
mk_MK.txt;3160664841;1;1215802399;
ml.txt;3869128220;1;1215802399;
mr.txt;3363570439;1;1215802399;
mr_IN.txt;1241519026;1;1215802399;
ms.txt;419153712;1;1215802399;
ms_BN.txt;1846408308;1;1215802399;
ms_MY.txt;194263881;1;1215802399;
mt.txt;1797065829;1;1215802399;
mt_MT.txt;1173831233;1;1215802399;
nb.txt;2752744454;1;1215802399;
nb_NO.txt;1269295332;1;1215802399;
nl.txt;3071935140;1;1215802399;
nl_BE.txt;2901829768;1;1215802399;
nl_NL.txt;3364172213;1;1215802399;
nn.txt;1826969874;1;1215802399;
nn_NO.txt;2836212726;1;1215802399;
no.txt;59139505;1;1215802399;
no_NO.txt;3297459888;1;1215802399;
om.txt;2280636029;1;1215802399;
om_ET.txt;27750800;1;1215802399;
om_KE.txt;3240822617;1;1215802399;
or.txt;3506633607;1;1215802399;
pa.txt;4199849222;1;1215802399;
pa_Arab.txt;3824217079;1;1215802399;
pa_Arab_PK.txt;3864881385;1;1215802399;
pa_Guru.txt;4286278067;1;1215802399;
pa_Guru_IN.txt;1120667703;1;1215802399;
pl.txt;1030215402;1;1215802399;
pl_PL.txt;4095863044;1;1215802399;
ps.txt;3716362480;1;1215802399;
ps_AF.txt;501980450;1;1215802399;
pt.txt;3584842807;1;1215802399;
pt_BR.txt;1230020736;1;1215802399;
pt_PT.txt;1398542222;1;1215802399;
ro.txt;369482912;1;1215802399;
ro_RO.txt;1329968099;1;1215802399;
root.txt;3721568342;1;1215802399;
ru.txt;469539216;1;1232872537;
ru_RU.txt;1763910593;1;1215802399;
ru_UA.txt;4134594421;1;1215802399;
sh.txt;3904169224;1;1215802399;
sh_BA.txt;2339631962;1;1215802399;
sh_YU.txt;400681330;1;1215802399;
sk.txt;1495605574;1;1215802399;
sk_SK.txt;3876649857;1;1215802399;
sl.txt;1913298757;1;1215802399;
sl_SI.txt;3942852610;1;1215802399;
sq.txt;2556845500;1;1215802399;
sq_AL.txt;1644210169;1;1215802399;
sr.txt;2305521664;1;1215802399;
sr_BA.txt;2924178813;1;1215802399;
sr_Cyrl.txt;2246765451;1;1215802399;
sr_Cyrl_BA.txt;2019071821;1;1215802399;
sr_Cyrl_ME.txt;3568743491;1;1215802399;
sr_Cyrl_RS.txt;1662573635;1;1215802399;
sr_Latn.txt;1887336618;1;1215802399;
sr_Latn_BA.txt;4110375863;1;1215802399;
sr_Latn_ME.txt;1477540025;1;1215802399;
sr_Latn_RS.txt;4022276281;1;1215802399;
sr_ME.txt;414458941;1;1215802399;
sr_RS.txt;370371028;1;1215802399;
sv.txt;3714901890;1;1215802399;
sv_FI.txt;943152381;1;1215802399;
sv_SE.txt;2141668116;1;1215802399;
ta.txt;2315164869;1;1215802399;
ta_IN.txt;3564995209;1;1215802399;
te.txt;36895738;1;1215802399;
te_IN.txt;2317075335;1;1215802399;
th.txt;4147316024;1;1215802399;
th_TH.txt;4056734565;1;1215802399;
tr.txt;3202216760;1;1215802399;
tr_TR.txt;3618261831;1;1215802399;
uk.txt;184903525;1;1215802399;
uk_UA.txt;3646257549;1;1215802399;
ur.txt;3996984299;1;1215802399;
ur_IN.txt;721690434;1;1215802399;
ur_PK.txt;2346318589;1;1215802399;
vi.txt;3351918821;1;1215802399;
vi_VN.txt;506377730;1;1215802399;
zh.txt;1233408591;1;1215802399;
zh_.txt;2306162505;1;1215802399;
zh_CN.txt;3830230156;1;1215802399;
zh_HK.txt;2906303384;1;1215802399;
zh_Hans.txt;3570985825;1;1215802399;
zh_Hans_CN.txt;1877604077;1;1215802399;
zh_Hans_SG.txt;3453214391;1;1215802399;
zh_Hant.txt;575537296;1;1215802399;
zh_Hant_HK.txt;3987174625;1;1215802399;
zh_Hant_MO.txt;2785415366;1;1215802399;
zh_Hant_TW.txt;1850134716;1;1215802399;
zh_MO.txt;164794379;1;1215802399;
zh_SG.txt;3678169347;1;1215802399;
zh_TW.txt;1600687343;1;1215802399;
zh_TW_STROKE.txt;3383285343;1;1215802399;
zh__PINYIN.txt;3632775151;1;1215802399;
