SCMBranch=External Dependencies
SCMRepository=External Dependencies/src/pthreads
SCMMainlineUUID={49768a25-3559-48c3-b9a1-b43d4686e928}
SCMBranchRepositoryID=640
ANNOUNCE;3913118977;1;1168087480;
BUGS;3485982014;1;1166751400;
Bmakefile;3260825084;1;1117787786;
CONTRIBUTORS;3476315503;1;1212711800;
COPYING;2740203952;1;1143862478;
COPYING.LIB;3786224260;1;1008657488;
ChangeLog;3006695938;1;1236156374;
FAQ;636391057;1;1197773222;
GNUmakefile;2500855992;1;1146392554;
MAINTAINERS;2341630720;1;934421524;
Makefile;3066107644;1;1260549590;
NEWS;3408163294;1;1212712126;
Nmakefile;2488365566;1;1114440160;
Nmakefile.tests;3826954397;1;1114440160;
PROGRESS;2101952689;1;1099444122;
README;1968975546;1;1117095358;
README.Borland;2781961959;1;1114483272;
README.CV;2159924330;1;1013388802;
README.NONPORTABLE;1387916928;1;1180191440;
README.Watcom;351958474;1;1084766878;
README.WinCE;2336096979;1;964541664;
TODO;2765821767;1;1099444122;
WinCE-PORT;3026642580;1;1168134000;
attr.c;3302913697;1;1104586578;
attr.obj;2307614400;1;1307755069;
barrier.c;2105895520;1;1104586578;
builddmc.bat;4138651433;1;1088667134;
cancel.c;4223613915;1;1104586578;
cleanup.c;1521413082;1;1104586578;
condvar.c;818245280;1;1104586578;
config.h;1355943875;1;1179236802;
context.h;640956614;1;1168087480;
create.c;1300493128;1;1168087480;
dll.c;161723448;1;1112316922;
errno.c;2085915188;1;1195737298;
exit.c;2842348689;1;1168087480;
fork.c;3676103868;1;1104586578;
global.c;4201373038;1;1114663286;
implement.h;3259779016;1;1168087480;
misc.c;2897519696;1;1104586578;
mutex.c;2803430995;1;1168087480;
need_errno.h;1325900070;1;1195737298;
nonportable.c;254695775;1;1104586578;
private.c;3436570133;1;1117787788;
pthread.c;1921761037;1;1104586578;
pthread.dsp;2984568927;1;1115106604;
pthread.dsw;2130292301;1;1114440162;
pthread.h;1123409900;1;1236113028;
pthread_attr_destroy.c;3240813504;1;1104586578;
pthread_attr_getdetachstate.c;2990962736;1;1212711800;
pthread_attr_getinheritsched.c;2302414274;1;1236113028;
pthread_attr_getschedparam.c;1269733646;1;1104586578;
pthread_attr_getschedpolicy.c;4007121668;1;1236113028;
pthread_attr_getscope.c;3243343979;1;1104586578;
pthread_attr_getstackaddr.c;2266752537;1;1104586578;
pthread_attr_getstacksize.c;956606900;1;1104586578;
pthread_attr_init.c;3305119710;1;1104586578;
pthread_attr_setdetachstate.c;3716248902;1;1104586578;
pthread_attr_setinheritsched.c;3853951084;1;1104586578;
pthread_attr_setschedparam.c;3802550662;1;1104586578;
pthread_attr_setschedpolicy.c;2577414760;1;1104586578;
pthread_attr_setscope.c;2295284398;1;1104586578;
pthread_attr_setstackaddr.c;127066141;1;1104586578;
pthread_attr_setstacksize.c;377382246;1;1104586578;
pthread_barrier_destroy.c;3505571490;1;1104586578;
pthread_barrier_init.c;972679817;1;1104586578;
pthread_barrier_wait.c;2950625213;1;1104586578;
pthread_barrierattr_destroy.c;2029088618;1;1104586578;
pthread_barrierattr_getpshared.c;1247924349;1;1104586578;
pthread_barrierattr_init.c;1254641135;1;1104586578;
pthread_barrierattr_setpshared.c;636358837;1;1104586578;
pthread_cancel.c;1380538480;1;1167956396;
pthread_cond_destroy.c;1997091819;1;1168087480;
pthread_cond_init.c;3600516168;1;1104586578;
pthread_cond_signal.c;366962756;1;1114390146;
pthread_cond_wait.c;593542497;1;1113798960;
pthread_condattr_destroy.c;3770227013;1;1104586578;
pthread_condattr_getpshared.c;419030811;1;1104586578;
pthread_condattr_init.c;3588652723;1;1104586578;
pthread_condattr_setpshared.c;2136736318;1;1104586578;
pthread_delay_np.c;2576536100;1;1104586578;
pthread_detach.c;608932067;1;1168087480;
pthread_equal.c;2933651255;1;1104586578;
pthread_exit.c;3671704650;1;1179236802;
pthread_getconcurrency.c;3727092043;1;1104586578;
pthread_getschedparam.c;1670241224;1;1104586578;
pthread_getspecific.c;3644151928;1;1104586578;
pthread_getw32threadhandle_np.c;3158745995;1;1180191440;
pthread_join.c;1509474313;1;1168087480;
pthread_key_create.c;942267398;1;1195737298;
pthread_key_delete.c;1924464571;1;1195737298;
pthread_kill.c;3632929579;1;1168087480;
pthread_mutex_destroy.c;2117604885;1;1104586578;
pthread_mutex_init.c;450749300;1;1104586578;
pthread_mutex_lock.c;954479912;1;1179236802;
pthread_mutex_timedlock.c;2784541959;1;1114440162;
pthread_mutex_trylock.c;332798709;1;1104586578;
pthread_mutex_unlock.c;3888272912;1;1106636302;
pthread_mutexattr_destroy.c;2829070360;1;1104586578;
pthread_mutexattr_getkind_np.c;3571727799;1;1104586578;
pthread_mutexattr_getpshared.c;1456935321;1;1104586578;
pthread_mutexattr_gettype.c;1380480325;1;1236113028;
pthread_mutexattr_init.c;1835480547;1;1104586578;
pthread_mutexattr_setkind_np.c;2812176735;1;1104586578;
pthread_mutexattr_setpshared.c;2285013071;1;1104586578;
pthread_mutexattr_settype.c;305445330;1;1104586578;
pthread_num_processors_np.c;3623067654;1;1104586578;
pthread_once.c;1583280463;1;1117810066;
pthread_rwlock_destroy.c;796670073;1;1168087480;
pthread_rwlock_init.c;769606381;1;1168087480;
pthread_rwlock_rdlock.c;1965906400;1;1168087480;
pthread_rwlock_timedrdlock.c;1223518001;1;1168087480;
pthread_rwlock_timedwrlock.c;101318981;1;1168087480;
pthread_rwlock_tryrdlock.c;2967735655;1;1168087480;
pthread_rwlock_trywrlock.c;1213341721;1;1168087480;
pthread_rwlock_unlock.c;555976618;1;1168087480;
pthread_rwlock_wrlock.c;1830765664;1;1168087480;
pthread_rwlockattr_destroy.c;3162432724;1;1168087480;
pthread_rwlockattr_getpshared.c;1239803133;1;1168087480;
pthread_rwlockattr_init.c;966654645;1;1168087480;
pthread_rwlockattr_setpshared.c;2108084298;1;1168087480;
pthread_self.c;1785998599;1;1104586578;
pthread_setcancelstate.c;3290337694;1;1110950242;
pthread_setcanceltype.c;2661090746;1;1104586578;
pthread_setconcurrency.c;3588419914;1;1104586578;
pthread_setschedparam.c;1909427542;1;1104586578;
pthread_setspecific.c;1759084340;1;1195737298;
pthread_spin_destroy.c;3796994023;1;1104586578;
pthread_spin_init.c;1552437967;1;1104586578;
pthread_spin_lock.c;1164898009;1;1104586578;
pthread_spin_trylock.c;3858185803;1;1104586578;
pthread_spin_unlock.c;1388535576;1;1104586578;
pthread_testcancel.c;3414483103;1;1212810412;
pthread_timechange_handler_np.c;2498149829;1;1104586578;
pthread_win32_attach_detach_np.c;1247995924;1;1167956396;
ptw32_InterlockedCompareExchange.c;1189970308;1;1237205664;
ptw32_MCS_lock.c;1283870456;1;1168087480;
ptw32_callUserDestroyRoutines.c;3146375916;1;1115627492;
ptw32_calloc.c;2840510100;1;1104586578;
ptw32_cond_check_need_init.c;4173459615;1;1104586578;
ptw32_getprocessors.c;3580276082;1;1104586578;
ptw32_is_attr.c;3255555784;1;1104586578;
ptw32_mutex_check_need_init.c;3204242454;1;1104586578;
ptw32_new.c;1948373420;1;1104586578;
ptw32_processInitialize.c;4213206717;1;1114663288;
ptw32_processTerminate.c;1897757280;1;1114663288;
ptw32_relmillisecs.c;1376409655;1;1179236802;
ptw32_reuse.c;3012828233;1;1104586578;
ptw32_rwlock_cancelwrwait.c;1865804420;1;1104586578;
ptw32_rwlock_check_need_init.c;1134483044;1;1104586578;
ptw32_semwait.c;4113718370;1;1179236802;
ptw32_spinlock_check_need_init.c;139807485;1;1104586578;
ptw32_threadDestroy.c;1430803819;1;1116426860;
ptw32_threadStart.c;4235722502;1;1116170908;
ptw32_throw.c;190575668;1;1212711800;
ptw32_timespec.c;2628489297;1;1104586578;
ptw32_tkAssocCreate.c;1958915399;1;1115571172;
ptw32_tkAssocDestroy.c;3547764122;1;1115571172;
rwlock.c;2341084033;1;1104586578;
rwlock.obj;286263737;1;1307755072;
sched.c;3435657223;1;1104586578;
sched.h;848450326;1;1236113028;
sched.obj;4167374545;1;1307755072;
sched_get_priority_max.c;2490413047;1;1104586578;
sched_get_priority_min.c;4079148994;1;1104586578;
sched_getscheduler.c;3100108756;1;1104586578;
sched_setscheduler.c;274618390;1;1104586578;
sched_yield.c;247931966;1;1104586578;
sem_close.c;4152392600;1;1104586578;
sem_destroy.c;2988795452;1;1166751400;
sem_getvalue.c;925047879;1;1166751400;
sem_init.c;3726602397;1;1166751400;
sem_open.c;2255646904;1;1104586578;
sem_post.c;1733120703;1;1166751400;
sem_post_multiple.c;1030614256;1;1166751400;
sem_timedwait.c;1175520929;1;1166751400;
sem_trywait.c;3200153239;1;1166751400;
sem_unlink.c;2555514172;1;1104586578;
sem_wait.c;461815410;1;1166751400;
semaphore.c;2283677080;1;1114440164;
semaphore.h;3344171196;1;1112316922;
semaphore.obj;1671068257;1;1307755073;
signal.c;3310155112;1;1115364692;
signal.obj;3092535521;1;1307755073;
spin.c;1796401997;1;1104586578;
spin.obj;1992430664;1;1307755073;
sync.c;433610503;1;1104586578;
sync.obj;2802626604;1;1307755073;
tsd.c;1672457782;1;1104586578;
tsd.obj;2635111635;1;1307755073;
version.rc;685487272;1;1116476376;
version.res;2853219012;1;1260549646;
w32_CancelableWait.c;1648758988;1;1104586578;
