SCMBranch=External Dependencies
SCMRepository=External Dependencies/src/openssl/include/openssl
SCMMainlineUUID={49768a25-3559-48c3-b9a1-b43d4686e928}
SCMBranchRepositoryID=980
asn1.h;2257436393;1;1297185195;
asn1_mac.h;1506394485;1;1297185195;
asn1t.h;29989839;1;1297185195;
bio.h;3500845626;1;1297185194;
bn.h;0;1;1307987354;
buffer.h;843299568;1;1297185194;
comp.h;262740812;1;1297185195;
conf.h;0;1;1307987355;
conf_api.h;452522494;1;1297185195;
dh.h;1544131135;1;1297185194;
dsa.h;2182544928;1;1297185194;
dso.h;3072203449;1;1297185194;
dtls1.h;1826933875;1;1297185195;
ec.h;0;1;1307987355;
ecdh.h;0;1;1307987355;
ecdsa.h;890067329;1;1297185194;
engine.h;0;1;1307987355;
err.h;0;1;1307987355;
evp.h;2254028048;1;1297185195;
fips.h;0;1;1307987355;
fips_rand.h;0;1;1307987355;
krb5_asn.h;410810800;1;1297185195;
kssl.h;888066109;1;1297185195;
lhash.h;2606351284;1;1297185194;
ocsp.h;0;1;1307987355;
pem.h;3653353322;1;1297185195;
pem2.h;0;1;1307987355;
pkcs12.h;686359687;1;1297185195;
pkcs7.h;1424679781;1;1297185195;
pq_compat.h;3910608699;1;1297185195;
pqueue.h;2098490526;1;1297185195;
rand.h;0;1;1307987355;
rsa.h;97943756;1;1297185194;
safestack.h;3808502290;1;1297185194;
ssl.h;4144051542;1;1297185195;
ssl2.h;0;1;1307987355;
ssl23.h;564841403;1;1297185195;
ssl3.h;1000786280;1;1297185195;
stack.h;0;1;1307987355;
store.h;0;1;1307987355;
tls1.h;0;1;1307987355;
txt_db.h;2149964516;1;1297185195;
ui.h;0;1;1307987355;
ui_compat.h;0;1;1307987355;
x509.h;0;1;1307987355;
x509_vfy.h;0;1;1307987355;
x509v3.h;741845695;1;1297185195;
des.h;3613442745;2;1309201711;
e_os2.h;1775003302;2;1309201741;
hmac.h;4159867135;2;1309201710;
idea.h;3639431970;2;1309201727;
symhacks.h;2889091896;2;1309201741;
tmdiff.h;15729960;2;1309201741;
aes.h;1682531766;1;1297185194;
blowfish.h;2256913057;1;1297185194;
cast.h;1653685303;1;1297185194;
crypto.h;3680361300;1;1297185193;
des_old.h;2609806077;1;1297185194;
ebcdic.h;224556588;1;1297185193;
md2.h;3619974427;1;1297185193;
md4.h;1111100792;1;1297185193;
md5.h;553163895;1;1297185194;
obj_mac.h;2691660135;1;1297185193;
objects.h;2374193105;1;1297185193;
opensslconf.h;1870078527;1;1297185193;
opensslv.h;2108022341;1;1297185193;
ossl_typ.h;3784447264;1;1297185193;
rc2.h;920901007;1;1297185194;
rc4.h;2736633324;1;1297185194;
ripemd.h;1559693343;1;1297185194;
sha.h;4147028620;1;1297185194;
