SCMBranch=External Dependencies
SCMRepository=External Dependencies/src/openssl/util
SCMMainlineUUID={49768a25-3559-48c3-b9a1-b43d4686e928}
SCMBranchRepositoryID=755
FreeBSD.sh;256357113;1;914237566;
add_cr.pl;1677570569;1;914237780;
arx.pl;2731110465;1;1221601497;
bat.sh;3688174836;1;1043948366;
ck_errf.pl;3818321221;1;1115783139;
clean-depend.pl;17084566;1;1190207434;
copy.pl;3649347962;1;1221670681;
cygwin.sh;2036531613;1;1119560135;
deleof.pl;3652705024;1;914237566;
dirname.pl;2686793455;1;1023286259;
do_ms.sh;2973778760;1;928187898;
domd;3067322855;1;1256758145;
err-ins.pl;1996688853;1;914237566;
extract-names.pl;2897187519;1;1080244354;
extract-section.pl;3879192842;1;1101404851;
files.pl;3952595482;1;914237566;
fipslink.pl;2296538206;1;1295561570;
fixNT.sh;2290211200;1;1114592175;
install.sh;2326099528;1;914237566;
libeay.num;3880658733;1;1269519436;
mk1mf.pl;362023684;1;1253450802;
mkcerts.sh;2230183574;1;1037395602;
mkdef.pl;2229201094;1;1269519437;
mkdir-p.pl;1816221074;1;1131299340;
mkerr.pl;3560545956;1;1297185047;
mkfiles.pl;2689807184;1;1225110633;
mklink.pl;2804575150;1;1221670681;
mksdef.pl;3189661509;1;1221736808;
mkstack.pl;2650682361;1;1096907412;
opensslwrap.sh;387436542;1;1196800197;
perlpath.pl;3058775643;1;921095825;
pod2man.pl;2693927237;1;1262712800;
pod2mantest;3702491543;1;1114592175;
pod2mantest.pod;1362285783;1;1022771983;
point.sh;1952245901;1;1055360677;
selftest.pl;699924653;1;1119300545;
shlib_wrap.sh;606355037;1;1243941594;
sp-diff.pl;3749383924;1;966261953;
speed.sh;1422068553;1;914237782;
src-dep.pl;2227927499;1;914237566;
ssleay.num;1883140939;1;1212663441;
tab_num.pl;4290111154;1;914237566;
x86asm.sh;710049558;1;914238039;
