SCMBranch=External Dependencies
SCMRepository=External Dependencies/src/openssl/times
SCMMainlineUUID={49768a25-3559-48c3-b9a1-b43d4686e928}
SCMBranchRepositoryID=753
100.lnx;2976045984;1;914237773;
100.nt;4204786019;1;914237773;
200.lnx;1332968714;1;914237773;
486-66.dos;1447142722;1;914237563;
486-66.nt;715657786;1;914237563;
486-66.w31;1340485835;1;914237563;
5.lnx;1005963144;1;914237775;
586-085i.nt;4008150315;1;914237775;
586-100.LN3;4254874582;1;914237773;
586-100.NT2;916695940;1;914237773;
586-100.dos;2906048307;1;914237563;
586-100.ln4;4143551617;1;914237773;
586-100.lnx;2185693586;1;914237563;
586-100.nt;3788303034;1;914237563;
586-100.ntx;357761886;1;914237775;
586-100.w31;283679501;1;914237563;
586-1002.lnx;922937197;1;914237773;
586p-100.lnx;3317664837;1;914237563;
686-200.bsd;868996827;1;914237563;
686-200.lnx;2592635619;1;914237774;
686-200.nt;1466115248;1;914237563;
L1;1908083388;1;914237774;
R10000.t;74878536;1;914237564;
R4400.t;2747672917;1;914237564;
aix.t;1985051342;1;914237563;
aixold.t;714310624;1;914237563;
alpha.t;153584967;1;914237563;
alpha400.t;1720320045;1;914237563;
cyrix100.lnx;2643336428;1;914237563;
dgux-x86.t;2822478471;1;914237563;
dgux.t;298431955;1;914237563;
hpux-acc.t;1426981426;1;914237563;
hpux-kr.t;3199670041;1;914237564;
hpux.t;820144363;1;914237564;
p2.w95;889071688;1;914237564;
pent2.t;1432598294;1;914237774;
readme;745007610;1;914237564;
s586-100.lnx;2630925448;1;914237564;
s586-100.nt;1310270095;1;914237564;
sgi.t;242950404;1;914237564;
sparc.t;570010071;1;914237564;
sparc2;4126472566;1;914237775;
sparcLX.t;3872631098;1;914237564;
usparc.t;1988883438;1;914237564;
