SCMBranch=External Dependencies
SCMRepository=External Dependencies/include
SCMMainlineUUID={49768a25-3559-48c3-b9a1-b43d4686e928}
SCMBranchRepositoryID=343
libcharset.h;4173058457;1;1307034561;
localcharset.h;672632707;1;1307034561;
AssertMacros.h;3634984400;1;1307983116;
Availability.h;2112361628;1;1307983115;
AvailabilityInternal.h;1629119938;1;1307983116;
AvailabilityMacros.h;1155181079;1;1307983115;
ConditionalMacros.h;553891934;1;1307983116;
png.h;257420858;1;1258670888;
pngconf.h;1027091249;1;1258670888;
stdbool.h;3370335612;1;1307983115;
stdint.h;2268864643;1;1307983115;
TargetConditionals.h;2867245886;1;1307983115;
iconv.h;4248742040;1;1308071322;
inttypes.h;135230061;1;1308082321;
jconfig.h;3158998327;1;1308084421;
jerror.h;3755800688;1;1258666740;
jmorecfg.h;394195631;1;1258666740;
jpeglib.h;365031002;1;1258666740;
jversion.h;1501729955;1;1258666740;
jinclude.h;299296216;1;1258666740;
jmemsys.h;2552225859;1;1258666740;
jpegint.h;485905069;1;1258666740;
zconf.h;1746133744;2;1271613486;
zlib.h;1393386672;2;1271736768;
zutil.h;3994199753;2;1271618964;
