SCMBranch=External Dependencies
SCMRepository=External Dependencies/src/icu/source/data/xml/collation
SCMMainlineUUID={49768a25-3559-48c3-b9a1-b43d4686e928}
SCMBranchRepositoryID=995
ar.xml;2334577439;1;1207088257;
as.xml;3768760102;1;1207088257;
be.xml;1572896598;1;1207088257;
bg.xml;620869958;1;1207088257;
bn.xml;1995686782;1;1207088257;
bn_IN.xml;1750107784;1;1215802408;
ca.xml;2728663975;1;1207088257;
cs.xml;2861162933;1;1207088257;
cy.xml;3185229461;1;1207088257;
da.xml;2316534160;1;1207088257;
de.xml;2073038256;1;1207088257;
dz.xml;2250802827;1;1207088257;
el.xml;1902188648;1;1207088257;
en.xml;161537656;1;1207088257;
en_BE.xml;965900078;1;1207088257;
eo.xml;901791088;1;1207088257;
es.xml;2363069267;1;1207088257;
et.xml;972765803;1;1207088257;
fa.xml;2547798066;1;1207088257;
fa_AF.xml;4222089332;1;1207088257;
fi.xml;2947173939;1;1207088257;
fo.xml;652739587;1;1207088257;
fr.xml;1439070316;1;1207088258;
gu.xml;2753031516;1;1207088258;
haw.xml;2867065756;1;1207088258;
he.xml;2339573217;1;1207088258;
hi.xml;1116118976;1;1207088258;
hr.xml;1321048283;1;1207088258;
hu.xml;4221514211;1;1207088258;
is.xml;2084213506;1;1207088258;
it.xml;3373808186;1;1207088258;
ja.xml;1732202595;1;1207088258;
kk.xml;695165091;1;1207088258;
kl.xml;2622343579;1;1207088258;
km.xml;4157189538;1;1207088258;
kn.xml;3834384267;1;1207088258;
ko.xml;3639405699;1;1207088258;
kok.xml;2341101934;1;1207088258;
lt.xml;4234178991;1;1207088258;
lv.xml;2225190847;1;1207088258;
mk.xml;255791685;1;1207088258;
ml.xml;1483612074;1;1207088258;
mr.xml;2076562254;1;1207088258;
mt.xml;4068972926;1;1207088258;
nb.xml;402773567;1;1207088258;
nn.xml;3522446366;1;1207088258;
om.xml;2612169175;1;1207088258;
or.xml;721228083;1;1207088258;
pa.xml;3820046937;1;1207088258;
pl.xml;371473264;1;1207088258;
ps.xml;3952914507;1;1207088258;
ro.xml;1330302922;1;1207088258;
root.xml;855446694;1;1215802408;
ru.xml;2131831769;1;1207088258;
sk.xml;2955848507;1;1207088258;
sl.xml;84673027;1;1207088258;
sq.xml;2155171624;1;1207088258;
sr.xml;3302255152;1;1207088258;
sr_Latn.xml;2154115140;1;1207088258;
sv.xml;894952976;1;1207088258;
ta.xml;3626952989;1;1207088258;
te.xml;699229501;1;1207088258;
th.xml;3694662676;1;1207088258;
tr.xml;3965972487;1;1207088258;
uk.xml;2524895709;1;1207088258;
ur.xml;3527369818;1;1215802408;
vi.xml;4254541502;1;1207088258;
zh.xml;1520643273;1;1207088258;
zh_HK.xml;1782423543;1;1207088258;
zh_Hant.xml;296509533;1;1207088258;
zh_MO.xml;1485033590;1;1207088258;
zh_TW.xml;90208461;1;1207088258;
zh_TW_STROKE.xml;1220276418;1;1207088258;
