SCMBranch=External Dependencies
SCMRepository=External Dependencies/src/openssl/doc/apps
SCMMainlineUUID={49768a25-3559-48c3-b9a1-b43d4686e928}
SCMBranchRepositoryID=967
CA.pl.pod;3081014148;1;1115145241;
asn1parse.pod;512384923;1;1101431095;
ca.pod;3826815716;1;1121421038;
ciphers.pod;1345281671;1;1177487910;
config.pod;1681850542;1;1101404849;
crl.pod;7740015;1;950017027;
crl2pkcs7.pod;304200738;1;1026211885;
dgst.pod;4032378612;1;1211183021;
dhparam.pod;3514502288;1;1043964147;
dsa.pod;2480792376;1;1043964147;
dsaparam.pod;5136001;1;1043964147;
ec.pod;1676137514;1;1058794802;
ecparam.pod;1235647361;1;1103262120;
enc.pod;4046026225;1;1252067207;
errstr.pod;2581372405;1;1101406886;
gendsa.pod;1143197600;1;1043964147;
genrsa.pod;1191461259;1;1043964147;
nseq.pod;372418097;1;948420981;
ocsp.pod;1712869075;1;1203963150;
openssl.pod;2249660749;1;1190044651;
passwd.pod;4182417097;1;1033736340;
pkcs12.pod;774998131;1;999843206;
pkcs7.pod;1491502094;1;1043964147;
pkcs8.pod;3683165837;1;1043964147;
rand.pod;3698887363;1;1233534476;
req.pod;4103270738;1;1121421038;
rsa.pod;691973985;1;1043964147;
rsautl.pod;2736315474;1;1190051642;
s_client.pod;526782464;1;1187871363;
s_server.pod;4041227797;1;1211183537;
s_time.pod;1512244859;1;1073547495;
sess_id.pod;171907416;1;949620196;
smime.pod;1884259274;1;1286198895;
speed.pod;1283295050;1;1037271114;
spkac.pod;258998843;1;1043964147;
verify.pod;1381953608;1;1266934172;
version.pod;1138456028;1;1010157426;
x509.pod;2559097199;1;1236878024;
x509v3_config.pod;1919564832;1;1119466445;
