SCMBranch=External Dependencies
SCMRepository=External Dependencies/src/icu/source/data/rbnf
SCMMainlineUUID={49768a25-3559-48c3-b9a1-b43d4686e928}
SCMBranchRepositoryID=797
da.txt;1699211872;1;1101322471;
de.txt;3531347399;1;1207088253;
el.txt;2012967240;1;1101322471;
en.txt;681080855;1;1101322471;
en_GB.txt;3233361931;1;1101322471;
eo.txt;1730737965;1;1101322471;
es.txt;3923419982;1;1101322471;
fa.txt;1703692424;1;1101322471;
fa_AF.txt;2364975063;1;1101322471;
fr.txt;798187919;1;1101322471;
fr_BE.txt;1769915666;1;1101322471;
fr_CH.txt;1690813516;1;1101322471;
ga.txt;1886055884;1;1123802398;
he.txt;3254492457;1;1123802399;
it.txt;4000792919;1;1207088253;
ja.txt;1867728056;1;1207088253;
mt.txt;3140813518;1;1101322471;
nl.txt;135539612;1;1123802399;
pl.txt;2248290078;1;1101322471;
pt.txt;2711212047;1;1207088253;
rbnffiles.mk;730596180;1;1123802399;
rbnflocal.mk;3847691139;1;1183773519;
root.txt;92081745;1;1101322471;
ru.txt;1873311775;1;1101322471;
sv.txt;110047366;1;1101322471;
th.txt;358786357;1;1101322471;
uk.txt;1004591342;1;1123802399;
