SCMBranch=External Dependencies
SCMRepository=External Dependencies/src/libpng/scripts
SCMMainlineUUID={49768a25-3559-48c3-b9a1-b43d4686e928}
SCMBranchRepositoryID=722
CMakeLists.txt;354444309;1;1258670890;
SCOPTIONS.ppc;2460595620;1;1258670890;
descrip.mms;3969904551;1;1258670890;
libpng-config-body.in;1127197762;1;1258670890;
libpng-config-head.in;4117516352;1;1258670890;
libpng-config.in;1850119674;1;1258670890;
libpng.icc;1540170854;1;1258670890;
libpng.pc-configure.in;2975776979;1;1258670890;
libpng.pc.in;3840728031;1;1258670890;
makefile.32sunu;2768200342;1;1258670890;
makefile.64sunu;2717404905;1;1258670890;
makefile.acorn;1183770063;1;1258670890;
makefile.aix;1005145425;1;1258670890;
makefile.amiga;109252998;1;1258670890;
makefile.atari;1596509512;1;1258670890;
makefile.bc32;857817490;1;1258670890;
makefile.beos;2986119726;1;1258670890;
makefile.bor;2297597433;1;1258670890;
makefile.cygwin;285841483;1;1258670890;
makefile.darwin;2672442988;1;1258670890;
makefile.dec;1693465940;1;1258670890;
makefile.dj2;225444399;1;1258670890;
makefile.elf;3645745497;1;1258670890;
makefile.freebsd;214617589;1;1258670890;
makefile.gcc;3842158016;1;1258670890;
makefile.gcmmx;941256431;1;1258670890;
makefile.hp64;4042374643;1;1258670890;
makefile.hpgcc;3287419019;1;1258670890;
makefile.hpux;4112522702;1;1258670890;
makefile.ibmc;788406180;1;1258670890;
makefile.intel;1923410319;1;1258670890;
makefile.knr;1689702548;1;1258670890;
makefile.linux;263072547;1;1258670890;
makefile.mingw;2405552451;1;1258670890;
makefile.mips;699219829;1;1258670890;
makefile.msc;757004489;1;1258670890;
makefile.ne12bsd;1868386198;1;1258670890;
makefile.netbsd;56945930;1;1258670890;
makefile.nommx;1157576918;1;1258670890;
makefile.openbsd;1893474426;1;1258670890;
makefile.os2;4044989653;1;1258670890;
makefile.sco;2286635343;1;1258670890;
makefile.sggcc;1394307391;1;1258670890;
makefile.sgi;2158989021;1;1258670890;
makefile.so9;1823633871;1;1258670890;
makefile.solaris;1267539794;1;1258670890;
makefile.solaris-x86;1633002450;1;1258670890;
makefile.std;3951149412;1;1258670890;
makefile.sunos;3543021744;1;1258670890;
makefile.tc3;1008038377;1;1258670890;
makefile.vcawin32;4135865725;1;1258670890;
makefile.vcwin32;4274182443;1;1260509330;
makefile.vcwin32~;2048101764;1;1258670890;
makefile.watcom;446442277;1;1258670890;
makevms.com;1494966856;1;1258670890;
pngos2.def;4037553632;1;1258670890;
pngw32.def;2953227807;1;1258670890;
pngw32.rc;3314113851;1;1258670890;
smakefile.ppc;1573739808;1;1258670890;
