SCMBranch=External Dependencies
SCMRepository=External Dependencies/src/opencflite/objc4/runtime
SCMMainlineUUID={49768a25-3559-48c3-b9a1-b43d4686e928}
SCMBranchRepositoryID=891
Object.h;3351969487;1;1307983145;
Object.m;1587751721;1;1307983145;
Protocol.h;3760582819;1;1307983146;
Protocol.m;960352001;1;1307983146;
error.h;4289834007;1;1307983145;
hashtable.h;1426283372;1;1307983145;
hashtable2.h;3225158022;1;1307983145;
hashtable2.m;3165468141;1;1307983145;
maptable.h;1229314298;1;1307983145;
maptable.m;1036138588;1;1307983145;
message.h;1392199058;1;1307983145;
objc-api.h;964997095;1;1307983145;
objc-auto-dump.h;1648277440;1;1307983145;
objc-auto-dump.m;1442610256;1;1307983145;
objc-auto.h;3459879065;1;1307983145;
objc-auto.m;4070257035;1;1307983145;
objc-cache.m;922121638;1;1307983146;
objc-class-old.m;3909050476;1;1307983145;
objc-class.h;4026137624;1;1307983145;
objc-class.m;1763968248;1;1307983145;
objc-config.h;3380150186;1;1307983146;
objc-errors.m;338613143;1;1307983145;
objc-exception.h;4235068697;1;1307983146;
objc-exception.m;1429511967;1;1307983146;
objc-file.m;2538613064;1;1307983145;
objc-gdb.h;1819766617;1;1307983146;
objc-initialize.h;587949922;1;1307983145;
objc-initialize.m;2157528151;1;1307983145;
objc-internal.h;586518015;1;1307983146;
objc-layout.m;2071663519;1;1307983145;
objc-load.h;2175742583;1;1307983145;
objc-load.m;1307512161;1;1307983145;
objc-loadmethod.h;4220598269;1;1307983145;
objc-loadmethod.m;2690320614;1;1307983145;
objc-lockdebug.m;1341457831;1;1307983146;
objc-os.h;1447556544;1;1307983145;
objc-os.m;3168618067;1;1307983145;
objc-private.h;3559527596;1;1307983145;
objc-probes.d;1682547289;1;1307983146;
objc-references.h;3637750403;1;1307983145;
objc-references.mm;2256870003;1;1307983146;
objc-rtp.h;1500186075;1;1307983146;
objc-rtp.m;93246762;1;1307983146;
objc-runtime-new.h;1017184201;1;1307983146;
objc-runtime-new.m;2780210877;1;1307983146;
objc-runtime-old.m;3417313088;1;1307983145;
objc-runtime.h;4026137624;1;1307983145;
objc-runtime.m;1217112727;1;1307983145;
objc-sel-set.h;2792985224;1;1307983146;
objc-sel-set.m;1320449337;1;1307983146;
objc-sel-table.s;1808900029;1;1307983145;
objc-sel.mm;1659326648;1;1307983146;
objc-selopt.h;781990373;1;1307983145;
objc-sync.h;1653421415;1;1307983145;
objc-sync.m;3501119929;1;1307983145;
objc-typeencoding.m;2284303719;1;1307983146;
objc.h;3515139406;1;1307983146;
objcrt.c;861223538;1;1307983146;
objcrt.h;373114254;1;1307983146;
runtime.h;3060134138;1;1307983146;
