SCMBranch=External Dependencies
SCMRepository=External Dependencies/src/openssl
SCMMainlineUUID={49768a25-3559-48c3-b9a1-b43d4686e928}
SCMBranchRepositoryID=672
.INSTALL.W32.swp;4032898532;1;1307987765;
ACKNOWLEDGMENTS;1415170088;1;1290443715;
CHANGES;2740683459;1;1297185045;
CHANGES.SSLeay;1452594826;1;914398946;
Configure;423199717;1;1292027442;
FAQ;2172466907;1;1297185045;
INSTALL;931040991;1;1207550141;
INSTALL.DJGPP;2215202529;1;1105719936;
INSTALL.MacOS;4064025125;1;1001947427;
INSTALL.NW;3236161604;1;1199400781;
INSTALL.OS2;3649109719;1;1026912453;
INSTALL.VMS;29960017;1;999843203;
INSTALL.W32;153213140;1;1131323567;
INSTALL.W64;1797568712;1;1120560793;
INSTALL.WCE;394657168;1;1128407714;
LICENSE;3688226035;1;1297185045;
MINFO;341396474;1;1307987850;
Makefile.shared;2754127830;1;1221667000;
NEWS;3123337579;1;1297185045;
PROBLEMS;1694501807;1;1278579693;
README;687113202;1;1297185045;
README.ASN1;2811257978;1;976302404;
README.ENGINE;3314281850;1;1026141370;
config;1516547812;1;1268154504;
e_os.h;3058274397;1;1275311871;
e_os2.h;192933339;1;1134932227;
install.com;2334792897;1;1242405443;
makevms.com;2609921015;1;1269534342;
openssl.doxy;4035673549;1;920223711;
openssl.spec;1591438075;1;1291318948;
Makefile.org;3948561559;1;1264608396;
Makefile;342340318;2;1309201759;
