SCMBranch=External Dependencies
SCMRepository=External Dependencies/src/openssl/crypto/rsa
SCMMainlineUUID={49768a25-3559-48c3-b9a1-b43d4686e928}
SCMBranchRepositoryID=942
Makefile;264151320;1;1221671465;
rsa.h;2598498560;1;1221576926;
rsa_asn1.c;2912699940;1;1225910208;
rsa_chk.c;295029752;1;1039325065;
rsa_depr.c;2051427193;1;1139426180;
rsa_eay.c;1218348161;1;1286839734;
rsa_eng.c;174517137;1;1260366109;
rsa_err.c;668230898;1;1221576926;
rsa_gen.c;2701515815;1;1221576926;
rsa_lib.c;3715589352;1;1221576926;
rsa_none.c;3268573393;1;973550057;
rsa_null.c;2425899969;1;1225910208;
rsa_oaep.c;305992838;1;1246060570;
rsa_pk1.c;2280344938;1;1038309271;
rsa_pss.c;2728582790;1;1252840838;
rsa_saos.c;3064400918;1;1102208593;
rsa_sign.c;1168024014;1;1264553484;
rsa_ssl.c;1478810296;1;1216332684;
rsa_test.c;4230578938;1;1175691012;
rsa_x931.c;1001838779;1;1225910209;
rsa_x931g.c;4249845968;1;1234649971;
