SCMBranch=External Dependencies
SCMRepository=External Dependencies/src/curl/docs
SCMMainlineUUID={49768a25-3559-48c3-b9a1-b43d4686e928}
SCMBranchRepositoryID=687
BINDINGS;1599223246;1;1307989939;
BUGS;1938280422;1;1307989939;
CONTRIBUTE;1183095219;1;1307989939;
DISTRO-DILEMMA;2147607767;1;1307989939;
FAQ;3395775522;1;1307989939;
FEATURES;3101372314;1;1307989939;
HISTORY;720793079;1;1307989939;
INSTALL;2204843043;1;1307989939;
INSTALL.devcpp;1066375759;1;1307989939;
INTERNALS;630456577;1;1307989939;
KNOWN_BUGS;3209536537;1;1307989939;
LICENSE-MIXING;514862653;1;1307989939;
MAIL-ETIQUETTE;2136623898;1;1307989939;
MANUAL;1036778621;1;1307989939;
Makefile.am;2401094066;1;1307989939;
Makefile.in;7171131;1;1307989940;
README.netware;2323245689;1;1307989939;
README.win32;300949558;1;1307989939;
RESOURCES;18926781;1;1307989939;
SSLCERTS;2034387268;1;1307989939;
THANKS;2802773932;1;1307989939;
TODO;2616382228;1;1307989940;
TheArtOfHttpScripting;382202120;1;1307989939;
VERSIONS;3659910273;1;1307989939;
curl-config.1;2363919229;1;1307989939;
curl-config.html;2376743711;1;1307989940;
curl-config.pdf;2284079008;1;1307989939;
curl.1;1236193406;1;1307989939;
curl.html;2920906216;1;1307989939;
curl.pdf;4002183546;1;1307989939;
index.html;2435084699;1;1307989939;
