SCMBranch=External Dependencies
SCMRepository=External Dependencies/src/cairo/cairo
SCMMainlineUUID={49768a25-3559-48c3-b9a1-b43d4686e928}
SCMBranchRepositoryID=673
BIBLIOGRAPHY;32510613;1;1251294283;
BUGS;1595782670;1;1204813898;
CODING_STYLE;1828271977;1;1227196351;
COPYING;1632610117;1;1227386677;
COPYING-MPL-1.1;1057657648;1;1182927059;
ChangeLog;3772938318;1;1293317386;
ChangeLog.pre-1.0;881594491;1;1293317386;
ChangeLog.pre-1.2;196763224;1;1293317386;
ChangeLog.pre-1.4;888981372;1;1293317386;
ChangeLog.pre-1.6;1254428027;1;1293317386;
ChangeLog.pre-1.8;582871291;1;1293317386;
HACKING;2747526481;1;1245016404;
INSTALL;4089996964;1;1250327891;
KNOWN_ISSUES;1950508106;1;1293286893;
Makefile.in;4020854656;1;1293286975;
Makefile.win32;1843635854;1;1227196351;
PORTING_GUIDE;413791407;1;1182927059;
README.win32;2132115076;1;1227196351;
RELEASING;509058327;1;1245016404;
acinclude.m4;3327311077;1;1276861629;
aclocal.m4;1480151244;1;1293286967;
config.h.in;2168753329;1;1293287104;
configure;894011101;1;1293286977;
depcomp;2476571120;1;1242565650;
missing;3385659231;1;1242565650;
AUTHORS;2628755595;2;1254507726;
autogen.sh;883065359;2;1254507728;
cairo-version.h;875388182;2;1254507728;
configure.ac;1299621945;2;1254507728;
COPYING-LGPL-2.1;1222172609;2;1254507728;
Makefile.am;3396387586;2;1254507728;
NEWS;3247148700;2;1254507728;
README;269363611;2;1254507728;
