SCMBranch=External Dependencies
SCMRepository=External Dependencies/src/libxslt/doc
SCMMainlineUUID={49768a25-3559-48c3-b9a1-b43d4686e928}
SCMBranchRepositoryID=233
API.html;2547399318;1;1307034611;
api.xsl;775114261;1;1307034611;
apibuild.py;1857106387;1;1307034611;
APIchunk0.html;2686805547;1;1307034611;
APIchunk1.html;1323234889;1;1307034611;
APIchunk10.html;1999330885;1;1307034611;
APIchunk11.html;1444144039;1;1307034611;
APIchunk12.html;4122211939;1;1307034611;
APIchunk13.html;642035585;1;1307034611;
APIchunk2.html;3286209461;1;1307034611;
APIchunk3.html;517316303;1;1307034611;
APIchunk4.html;2946283226;1;1307034611;
APIchunk5.html;3459144536;1;1307034612;
APIchunk6.html;2643810561;1;1307034612;
APIchunk7.html;2730814504;1;1307034612;
APIchunk8.html;996255437;1;1307034612;
APIchunk9.html;3725262043;1;1307034612;
APIconstructors.html;3870260912;1;1307034612;
APIfiles.html;2003634732;1;1307034612;
APIfunctions.html;1283650306;1;1307034612;
APIsymbols.html;2812217137;1;1307034612;
bugs.html;3418011639;1;1307034612;
checkapisym.xsl;4243839976;1;1307034612;
contexts.gif;2494304054;1;1307034612;
contribs.html;3025018630;1;1307034612;
docbook.html;2963825891;1;1307034612;
docs.html;1052927827;1;1307034612;
downloads.html;3466143483;1;1307034612;
duck.png;4060333992;1;1307034612;
epatents.png;775726569;1;1307034612;
extensions.html;3988604916;1;1307034612;
FAQ.html;831200178;1;1307034612;
gnome2.png;3567629441;1;1307034612;
help.html;1961036771;1;1307034612;
index.html;1207750987;1;1307034612;
internals.html;2233637449;1;1307034612;
intro.html;2119644935;1;1307034612;
libxslt-api.xml;3727708514;1;1307034612;
Libxslt-Logo-180x168.gif;2676727439;1;1307034612;
Libxslt-Logo-90x34.gif;2738671086;1;1307034612;
libxslt-refs.xml;3334715228;1;1307034612;
libxslt.xsa;3916628205;1;1307034612;
Makefile.am;368091261;1;1307034613;
Makefile.in;2715571029;1;1307034613;
newapi.xsl;1947901213;1;1307034613;
news.html;3584391558;1;1307034613;
news.xsl;2071171062;1;1307034613;
node.gif;942315652;1;1307034613;
object.gif;3706972007;1;1307034613;
processing.gif;3656098191;1;1307034613;
python.html;3330705989;1;1307034613;
redhat.gif;4230835241;1;1307034613;
search.xml;952615033;1;1307034613;
site.xsl;3762192853;1;1307034613;
smallfootonly.gif;496147085;1;1307034613;
stylesheet.gif;1909758930;1;1307034613;
symbols.xml;337484344;1;1307034613;
syms.xsl;2969799200;1;1307034613;
templates.gif;3957800763;1;1307034613;
w3c.png;2322282183;1;1307034613;
xsa.xsl;1485321151;1;1307034613;
xslt.html;3165788526;1;1307034613;
xsltproc.1;3040583361;1;1307034613;
xsltproc.html;1390897686;1;1307034613;
xsltproc.xml;1502490825;1;1307034613;
xsltproc2.html;1932775690;1;1307034613;
