SCMBranch=External Dependencies
SCMRepository=External Dependencies/src/icu/source/i18n
SCMMainlineUUID={49768a25-3559-48c3-b9a1-b43d4686e928}
SCMBranchRepositoryID=660
Makefile.in;74910057;1;1242857433;
anytrans.cpp;194221972;1;1215802409;
anytrans.h;1726144770;1;1207088259;
astro.cpp;1077464872;1;1215802409;
astro.h;6545797;1;1215802409;
basictz.cpp;4197726691;1;1215802409;
bocsu.c;1190657557;1;1057256022;
bocsu.h;3323387367;1;1057256022;
brktrans.cpp;2070978108;1;1216927131;
brktrans.h;1484280856;1;1215802409;
buddhcal.cpp;2372292003;1;1207088259;
buddhcal.h;93024243;1;1207088259;
calendar.cpp;3681421621;1;1215802409;
casetrn.cpp;2267965699;1;1215802409;
casetrn.h;1243518188;1;1215802409;
cecal.cpp;257058187;1;1235361412;
cecal.h;962812468;1;1215802409;
chnsecal.cpp;2087721070;1;1215802409;
chnsecal.h;1684180091;1;1215802409;
choicfmt.cpp;3385641932;1;1215802409;
coleitr.cpp;1063945691;1;1215802409;
coll.cpp;1825152640;1;1215802409;
coptccal.cpp;2062106980;1;1215802409;
coptccal.h;2414183008;1;1215802409;
cpdtrans.cpp;3295447517;1;1215802409;
cpdtrans.h;2005166994;1;1207088259;
csdetect.cpp;1434355016;1;1215802409;
csdetect.h;760517936;1;1207088260;
csmatch.cpp;2720977183;1;1157065493;
csmatch.h;3566109411;1;1157065493;
csr2022.cpp;1271992105;1;1215802409;
csr2022.h;126168283;1;1157065493;
csrecog.cpp;2589732355;1;1157065493;
csrecog.h;2890848121;1;1157065494;
csrmbcs.cpp;2538446982;1;1215802409;
csrmbcs.h;3264826736;1;1215802409;
csrsbcs.cpp;154775705;1;1215802409;
csrsbcs.h;891325531;1;1157065494;
csrucode.cpp;853161823;1;1157065494;
csrucode.h;4031863859;1;1157065494;
csrutf8.cpp;856656985;1;1215802409;
csrutf8.h;3114468630;1;1157065494;
curramt.cpp;1422362115;1;1088210972;
currfmt.cpp;3517017094;1;1215802409;
currfmt.h;1619562817;1;1215802409;
currunit.cpp;907324404;1;1088210972;
datefmt.cpp;1182132691;1;1215802409;
dcfmtsym.cpp;2473322855;1;1215802409;
decfmtst.cpp;2900937014;1;1253122888;
decfmtst.h;870497909;1;1253122918;
decimfmt.cpp;3056395055;1;1253122986;
decimfmt.cpp.fixed;283098921;1;1157065494;
digitlst.cpp;1409677672;1;1207088260;
digitlst.h;371011129;1;1207088260;
dtfmtsym.cpp;2543925091;1;1223054307;
dtitv_impl.h;494329950;1;1215802409;
dtitvfmt.cpp;1561623178;1;1215802409;
dtitvinf.cpp;1020907933;1;1215802409;
dtptngen.cpp;984461439;1;1245392384;
dtptngen_impl.h;625468333;1;1237587907;
dtrule.cpp;4227372777;1;1207088260;
esctrn.cpp;1378555238;1;1157065494;
esctrn.h;3011444227;1;1207088260;
ethpccal.cpp;264201063;1;1215802409;
ethpccal.h;416798645;1;1215802409;
fmtable.cpp;1179294585;1;1215802409;
fmtable_cnv.cpp;417689099;1;1123802439;
format.cpp;3842452491;1;1207088260;
funcrepl.cpp;1736120292;1;1215802409;
funcrepl.h;3836502086;1;1207088260;
gregocal.cpp;2565458546;1;1215802409;
gregoimp.cpp;1199256004;1;1207088260;
gregoimp.h;4049886142;1;1207088260;
hebrwcal.cpp;470066748;1;1215802409;
hebrwcal.h;1724352713;1;1207088260;
i18n.rc;1577964598;1;1215802409;
i18n.vcproj;1902890721;1;1307145365;
i18n.vcproj.8.00.old;2653415457;1;1215802409;
i18n.vcproj.bak;2549666050;1;1307144128;
indiancal.cpp;2802241663;1;1215802409;
indiancal.h;426052486;1;1215802409;
inputext.cpp;3615745275;1;1215802409;
inputext.h;1868296653;1;1215802409;
islamcal.cpp;449261914;1;1242857433;
islamcal.h;4162494645;1;1215802409;
japancal.cpp;3614189688;1;1215802409;
japancal.h;3091306465;1;1215802409;
measfmt.cpp;1992257751;1;1101322476;
measure.cpp;1956213338;1;1215802409;
msgfmt.cpp;601738432;1;1215802409;
msgfmt_impl.h;698763632;1;1215802409;
name2uni.cpp;128027876;1;1215802409;
name2uni.h;2304214207;1;1207088260;
nfrlist.h;2658537607;1;1215802409;
nfrs.cpp;3937971824;1;1215802410;
nfrs.h;1378611799;1;1123802441;
nfrule.cpp;1223046390;1;1215802410;
nfrule.h;1461184266;1;1215802410;
nfsubs.cpp;162037183;1;1207088260;
nfsubs.h;3354971047;1;1207088260;
nortrans.cpp;3927704503;1;1207088260;
nortrans.h;2307079844;1;1207088260;
nultrans.cpp;3749619172;1;1123802443;
nultrans.h;259680276;1;1207088260;
numfmt.cpp;2769955875;1;1240951101;
olsontz.cpp;2847668539;1;1238692806;
olsontz.h;2853067263;1;1207088260;
persncal.cpp;3769696539;1;1215802410;
persncal.h;2205842320;1;1215802410;
plurfmt.cpp;4260190189;1;1215802410;
plurrule.cpp;2209658421;1;1215802410;
plurrule_impl.h;3964970921;1;1215802410;
quant.cpp;4039758877;1;1215802410;
quant.h;1258934703;1;1207088260;
rbnf.cpp;1610320598;1;1234515239;
rbt.cpp;2830025654;1;1215802410;
rbt.h;1680431299;1;1207088260;
rbt_data.cpp;333488961;1;1215802410;
rbt_data.h;244922946;1;1207088260;
rbt_pars.cpp;4217196783;1;1215802410;
rbt_pars.h;3389595260;1;1207088260;
rbt_rule.cpp;3252217336;1;1215802410;
rbt_rule.h;1388728630;1;1044480699;
rbt_set.cpp;2312258480;1;1215802410;
rbt_set.h;709367086;1;1207088260;
rbtz.cpp;584836308;1;1215802410;
regexcmp.cpp;3735521098;1;1215802410;
regexcmp.h;1944452084;1;1215802410;
regexcst.h;1500844660;1;1215802410;
regexcst.pl;1812078334;1;1215802410;
regexcst.txt;1973739337;1;1215802410;
regeximp.h;1304910500;1;1215802410;
regexst.cpp;2288427225;1;1215802410;
regexst.h;2554018834;1;1215802410;
reldtfmt.cpp;3927788955;1;1240167415;
reldtfmt.h;1137087002;1;1240043661;
rematch.cpp;622203246;1;1215802410;
remtrans.cpp;2364554933;1;1215802410;
remtrans.h;1057045414;1;1207088260;
repattrn.cpp;1382932050;1;1215802410;
search.cpp;3300949244;1;1215802410;
simpletz.cpp;1356751982;1;1215802410;
smpdtfmt.cpp;3242192428;1;1251507036;
smpdtfst.cpp;704029874;1;1242857433;
smpdtfst.h;286322773;1;1242857433;
sortkey.cpp;24330467;1;1207088261;
strmatch.cpp;3990102978;1;1101322478;
strmatch.h;1536787031;1;1101322478;
strrepl.cpp;3470509353;1;1101322478;
strrepl.h;4267205680;1;1101322479;
stsearch.cpp;773387216;1;1215802410;
taiwncal.cpp;3725189902;1;1215802410;
taiwncal.h;2460062273;1;1207088261;
tblcoll.cpp;2832883897;1;1215802410;
timezone.cpp;3303366121;1;1242235858;
titletrn.cpp;3990644677;1;1207088261;
titletrn.h;3644121155;1;1207088261;
tolowtrn.cpp;249217715;1;1207088261;
tolowtrn.h;210398066;1;1207088261;
toupptrn.cpp;708818552;1;1207088261;
toupptrn.h;613406331;1;1207088261;
translit.cpp;895270931;1;1215802410;
transreg.cpp;278529792;1;1215802410;
transreg.h;4252884551;1;1215802410;
tridpars.cpp;3310846474;1;1215802410;
tridpars.h;3287915086;1;1123802451;
tzrule.cpp;2335222629;1;1207088261;
tztrans.cpp;2748243675;1;1207088261;
ucal.cpp;3383917849;1;1232869382;
ucln_in.c;1414912454;1;1157065499;
ucln_in.h;3411288028;1;1242857433;
ucol.cpp;2941302881;1;1236890330;
ucol_bld.cpp;1245953929;1;1215802411;
ucol_bld.h;2492791684;1;1215802411;
ucol_cnt.cpp;4254350247;1;1215802411;
ucol_cnt.h;3829046863;1;1215802411;
ucol_elm.cpp;145732503;1;1215802411;
ucol_elm.h;1084742436;1;1215802411;
ucol_imp.h;1693636164;1;1215802411;
ucol_res.cpp;1871707776;1;1215802411;
ucol_sit.cpp;2613084707;1;1215802411;
ucol_tok.cpp;1467830419;1;1215802411;
ucol_tok.h;98371927;1;1215802411;
ucol_wgt.c;376682418;1;1157065502;
ucol_wgt.h;3319379740;1;1215802411;
ucoleitr.cpp;2174853940;1;1215802411;
ucsdet.cpp;991994591;1;1207088261;
ucurr.cpp;2307593699;1;1215802411;
ucurrimp.h;809295620;1;1215802411;
udat.cpp;133029383;1;1240043823;
udatpg.cpp;2109868599;1;1207088261;
ulocdata.c;1117577061;1;1207088261;
umsg.cpp;4159965115;1;1157065502;
umsg_imp.h;4202381377;1;1044480700;
unesctrn.cpp;1938869838;1;1215802411;
unesctrn.h;64816239;1;1207088261;
uni2name.cpp;2960472087;1;1207088261;
uni2name.h;1826971654;1;1207088261;
unum.cpp;916550822;1;1240951101;
uregex.cpp;1803216789;1;1215802411;
uregexc.cpp;4056230352;1;1207088261;
usearch.cpp;2703765336;1;1215802411;
usrchimp.h;4001355915;1;1215802411;
utmscale.c;3352601071;1;1207088262;
utrans.cpp;2202588494;1;1123802457;
vtzone.cpp;1693637920;1;1215802411;
windtfmt.cpp;2018514001;1;1207088262;
windtfmt.h;3982856115;1;1207088262;
winnmfmt.cpp;3968765129;1;1207088262;
winnmfmt.h;3544835394;1;1207088262;
zonemeta.cpp;3122247716;1;1238546522;
zonemeta.h;684683921;1;1236725013;
zstrfmt.cpp;2815414520;1;1217529495;
zstrfmt.h;407075758;1;1217529495;
