SCMBranch=External Dependencies
SCMRepository=External Dependencies/src/icu/source/data/locales
SCMMainlineUUID={49768a25-3559-48c3-b9a1-b43d4686e928}
SCMBranchRepositoryID=793
af.txt;3156859924;1;1215802399;
af_NA.txt;1100980911;1;1215802399;
af_ZA.txt;25747752;1;1215802399;
am.txt;973792760;1;1215802399;
am_ET.txt;415219383;1;1215802399;
ar.txt;3975305686;1;1215802399;
ar_AE.txt;1577983191;1;1215802399;
ar_BH.txt;1377012386;1;1215802399;
ar_DZ.txt;2524087590;1;1245799348;
ar_EG.txt;948360519;1;1215802399;
ar_IQ.txt;2807085517;1;1215802399;
ar_JO.txt;695513371;1;1215802399;
ar_KW.txt;4158601031;1;1215802399;
ar_LB.txt;1707401467;1;1215802399;
ar_LY.txt;666275340;1;1215802399;
ar_MA.txt;446706300;1;1245799348;
ar_OM.txt;3396097401;1;1215802399;
ar_QA.txt;315286995;1;1215802399;
ar_SA.txt;3620438915;1;1215802399;
ar_SD.txt;3976081076;1;1215802399;
ar_SY.txt;3796620129;1;1215802399;
ar_TN.txt;2649835033;1;1245799348;
ar_YE.txt;203264500;1;1215802399;
as.txt;1989819472;1;1215802399;
as_IN.txt;335651999;1;1215802399;
az.txt;3726939966;1;1227083923;
az_AZ.txt;2155719330;1;1215802399;
az_Cyrl.txt;840180202;1;1215802399;
az_Cyrl_AZ.txt;3245140319;1;1215802399;
az_Latn.txt;3548187038;1;1215802399;
az_Latn_AZ.txt;2067401416;1;1215802399;
be.txt;559013543;1;1240254551;
be_BY.txt;4273530210;1;1215802399;
bg.txt;2005891601;1;1215802399;
bg_BG.txt;4037852196;1;1215802399;
bn.txt;648214753;1;1215802399;
bn_BD.txt;2630772339;1;1215802399;
bn_IN.txt;2058035764;1;1215802399;
ca.txt;4290148868;1;1240254551;
ca_ES.txt;3130222387;1;1215802399;
cs.txt;1874695845;1;1215802399;
cs_CZ.txt;1592707640;1;1215802399;
cy.txt;955826096;1;1215802399;
cy_GB.txt;4204531152;1;1215802399;
da.txt;851798669;1;1245392649;
da_DK.txt;3212946618;1;1215802399;
de.txt;2906585171;1;1240254551;
de_AT.txt;3286512126;1;1215802399;
de_BE.txt;1516533744;1;1215802399;
de_CH.txt;310511615;1;1215802399;
de_DE.txt;4245011282;1;1215802399;
de_LI.txt;3073800596;1;1215802399;
de_LU.txt;1963888950;1;1215802399;
el.txt;840402938;1;1215802399;
el_CY.txt;3699649199;1;1215802399;
el_GR.txt;2417172901;1;1215802399;
en.txt;714300333;1;1217530332;
en_AU.txt;2278170985;1;1215802399;
en_BE.txt;2819626474;1;1215802399;
en_BW.txt;3593159821;1;1215802399;
en_BZ.txt;1206379450;1;1215802399;
en_CA.txt;2425991882;1;1215802399;
en_GB.txt;2625137443;1;1242370563;
en_HK.txt;3211041884;1;1215802399;
en_IE.txt;1786021123;1;1215802399;
en_IN.txt;2379283173;1;1215802399;
en_JM.txt;621266529;1;1215802399;
en_MH.txt;604330051;1;1215802399;
en_MT.txt;3602252471;1;1215802399;
en_NA.txt;4151771736;1;1215802399;
en_NZ.txt;702128166;1;1215802399;
en_PH.txt;553594465;1;1215802399;
en_PK.txt;3010001312;1;1215802399;
en_RH.txt;4191421287;1;1215802399;
en_SG.txt;1071403078;1;1215802399;
en_TT.txt;3698349936;1;1215802399;
en_US.txt;443470855;1;1215802399;
en_US_POSIX.txt;75254149;1;1215802399;
en_VI.txt;1969335105;1;1215802399;
en_ZA.txt;99546516;1;1215802399;
en_ZW.txt;2627550102;1;1215802399;
eo.txt;1226036642;1;1215802399;
es.txt;4269825715;1;1215802399;
es_AR.txt;3249655096;1;1215802399;
es_BO.txt;1069394442;1;1215802399;
es_CL.txt;3472816584;1;1215802399;
es_CO.txt;968619986;1;1215802399;
es_CR.txt;1021764498;1;1215802399;
es_DO.txt;1547462693;1;1215802399;
es_EC.txt;3940574799;1;1215802399;
es_ES.txt;1214165896;1;1215802399;
es_GT.txt;4108726719;1;1215802399;
es_HN.txt;2073255424;1;1215802399;
es_MX.txt;3916136094;1;1215802399;
es_NI.txt;130771332;1;1215802399;
es_PA.txt;3789009218;1;1215802399;
es_PE.txt;102628946;1;1215802399;
es_PR.txt;2989600407;1;1215802399;
es_PY.txt;397088077;1;1215802399;
es_SV.txt;657640361;1;1215802399;
es_US.txt;2313632089;1;1215802399;
es_UY.txt;1034942524;1;1215802399;
es_VE.txt;1946292306;1;1215802399;
et.txt;2530442583;1;1215802399;
et_EE.txt;4093935290;1;1215802399;
eu.txt;4032017441;1;1215802399;
eu_ES.txt;412371588;1;1215802399;
fa.txt;3738362470;1;1215802400;
fa_AF.txt;1114819116;1;1215802400;
fa_IR.txt;3249763733;1;1215802400;
fi.txt;2554933143;1;1245392781;
fi_FI.txt;3349650292;1;1215802400;
fo.txt;149707955;1;1215802400;
fo_FO.txt;3522425344;1;1215802400;
fr.txt;3427318836;1;1240254551;
fr_BE.txt;2648434907;1;1215802400;
fr_CA.txt;70800712;1;1215802400;
fr_CH.txt;2295166158;1;1215802400;
fr_FR.txt;292759076;1;1215802400;
fr_LU.txt;4170522557;1;1215802400;
fr_MC.txt;364375445;1;1215802400;
fr_SN.txt;675128621;1;1215802400;
ga.txt;777618769;1;1215802400;
ga_IE.txt;2925380316;1;1215802400;
gl.txt;2545029141;1;1215802400;
gl_ES.txt;1097500218;1;1215802400;
gu.txt;3239071466;1;1215802400;
gu_IN.txt;4272234389;1;1215802400;
gv.txt;3218189452;1;1215802400;
gv_GB.txt;2736124397;1;1215802400;
ha.txt;622324896;1;1215802400;
ha_Latn.txt;727074154;1;1215802400;
ha_Latn_NG.txt;280804466;1;1215802400;
ha_NG.txt;3361208196;1;1215802400;
haw.txt;1592716207;1;1215802400;
haw_US.txt;3467769811;1;1215802400;
he.txt;757079250;1;1215802400;
he_IL.txt;1240878661;1;1215802400;
hi.txt;3533395201;1;1215802400;
hi_IN.txt;3222800025;1;1215802400;
hr.txt;78717628;1;1215802400;
hr_HR.txt;678748931;1;1215802400;
hu.txt;2048170617;1;1227083923;
hu_HU.txt;1249971675;1;1215802400;
hy.txt;1799630265;1;1215802400;
hy_AM.txt;1981557070;1;1215802400;
hy_AM_REVISED.txt;2820973778;1;1215802400;
id.txt;742338584;1;1215802400;
id_ID.txt;2338931536;1;1215802400;
ii.txt;2390567106;1;1215802400;
ii_CN.txt;3728847284;1;1215802400;
in.txt;3122069840;1;1215802400;
in_ID.txt;2974322232;1;1215802400;
is.txt;4015262612;1;1215802400;
is_IS.txt;394145745;1;1215802400;
it.txt;3486182956;1;1246056719;
it_CH.txt;2877912142;1;1215802400;
it_IT.txt;1970501002;1;1215802400;
iw.txt;4063535764;1;1215802400;
iw_IL.txt;1068218505;1;1215802400;
ja.txt;133834617;1;1240254551;
ja_JP.txt;102789599;1;1215802400;
ja_JP_TRADITIONAL.txt;3741765277;1;1215802400;
ka.txt;3377124365;1;1215802400;
ka_GE.txt;3936923171;1;1215802400;
kk.txt;2395565527;1;1215802400;
kk_Cyrl.txt;1297197167;1;1215802400;
kk_Cyrl_KZ.txt;1571390964;1;1215802400;
kk_KZ.txt;1139122619;1;1215802400;
kl.txt;111383888;1;1215802400;
kl_GL.txt;3771196425;1;1215802400;
km.txt;4034702708;1;1215802400;
km_KH.txt;2097808711;1;1215802400;
kn.txt;116308474;1;1215802400;
kn_IN.txt;634929848;1;1215802400;
ko.txt;74065908;1;1241077109;
ko_KR.txt;2547788378;1;1215802400;
kok.txt;2543682986;1;1215802400;
kok_IN.txt;3474908622;1;1215802400;
kw.txt;4220992637;1;1215802400;
kw_GB.txt;3328526573;1;1215802400;
lt.txt;1929274886;1;1215802400;
lt_LT.txt;3321842229;1;1215802400;
lv.txt;55384904;1;1215802400;
lv_LV.txt;1137768889;1;1215802400;
mk.txt;3131487559;1;1215802400;
mk_MK.txt;2568855196;1;1215802400;
ml.txt;2544579256;1;1240254552;
ml_IN.txt;2538787127;1;1215802400;
mr.txt;2803328685;1;1215802400;
mr_IN.txt;3612546439;1;1215802400;
ms.txt;782714268;1;1215802400;
ms_BN.txt;1955064024;1;1215802400;
ms_MY.txt;3365791785;1;1215802400;
mt.txt;2746266713;1;1215802400;
mt_MT.txt;1975379415;1;1215802400;
nb.txt;875276273;1;1245392694;
nb_NO.txt;1543977284;1;1215802400;
ne.txt;4243410444;1;1215802400;
ne_IN.txt;2598551839;1;1215802400;
ne_NP.txt;2227138496;1;1215802400;
nl.txt;2227182174;1;1215802400;
nl_BE.txt;1990027087;1;1215802400;
nl_NL.txt;2725266546;1;1215802400;
nn.txt;596597408;1;1240254552;
nn_NO.txt;4018248587;1;1215802400;
no.txt;1079758025;1;1215802400;
no_NO.txt;3297459888;1;1215802400;
no_NO_NY.txt;2395222765;1;1215802400;
om.txt;261065730;1;1215802400;
om_ET.txt;333723279;1;1215802400;
om_KE.txt;1886501432;1;1215802400;
or.txt;2166559071;1;1215802400;
or_IN.txt;2997640923;1;1215802400;
pa.txt;2321217738;1;1215802400;
pa_Arab.txt;555114225;1;1215802400;
pa_Arab_PK.txt;2152227792;1;1215802400;
pa_Guru.txt;3287342119;1;1215802400;
pa_Guru_IN.txt;4001192004;1;1215802400;
pa_IN.txt;874074205;1;1215802400;
pa_PK.txt;1053584657;1;1215802400;
pl.txt;2557191151;1;1215802400;
pl_PL.txt;368111989;1;1215802400;
ps.txt;1984058158;1;1215802400;
ps_AF.txt;2388715428;1;1215802400;
pt.txt;1862068177;1;1215802400;
pt_BR.txt;2095438091;1;1215802400;
pt_PT.txt;2210970741;1;1237611102;
resfiles.mk;3569598406;1;1215802400;
reslocal.mk;1234576195;1;1183773519;
ro.txt;4256316486;1;1227685333;
ro_RO.txt;3663092845;1;1215802400;
root.txt;3166461488;1;1241077004;
ru.txt;2790472383;1;1245392525;
ru_RU.txt;2540958208;1;1215802400;
ru_UA.txt;1208026525;1;1215802400;
sh.txt;200077665;1;1215802400;
sh_BA.txt;3367709228;1;1215802400;
sh_CS.txt;2935778081;1;1215802400;
sh_YU.txt;1183832213;1;1215802400;
si.txt;1503702578;1;1215802400;
si_LK.txt;4092148564;1;1215802400;
sk.txt;2968627148;1;1215802400;
sk_SK.txt;3973709810;1;1215802400;
sl.txt;3882783852;1;1215802400;
sl_SI.txt;2790544448;1;1215802400;
so.txt;814681793;1;1215802400;
so_DJ.txt;3254139692;1;1215802400;
so_ET.txt;3675693720;1;1215802400;
so_KE.txt;875241821;1;1215802400;
so_SO.txt;1164123966;1;1215802400;
sq.txt;46137941;1;1240254552;
sq_AL.txt;1197040135;1;1215802400;
sr.txt;2677929027;1;1240254552;
sr_BA.txt;2773457232;1;1215802400;
sr_CS.txt;44125991;1;1215802400;
sr_Cyrl.txt;4181611897;1;1215802400;
sr_Cyrl_BA.txt;319998068;1;1215802400;
sr_Cyrl_CS.txt;2234683622;1;1215802400;
sr_Cyrl_ME.txt;2531110051;1;1215802400;
sr_Cyrl_RS.txt;3801462300;1;1215802400;
sr_Cyrl_YU.txt;2800994750;1;1215802400;
sr_Latn.txt;1169945503;1;1215802400;
sr_Latn_BA.txt;4267793773;1;1215802400;
sr_Latn_CS.txt;3960090206;1;1215802400;
sr_Latn_ME.txt;755406456;1;1215802400;
sr_Latn_RS.txt;1043138536;1;1215802400;
sr_Latn_YU.txt;3486217990;1;1215802400;
sr_ME.txt;2306924902;1;1215802400;
sr_RS.txt;2027829833;1;1215802400;
sr_YU.txt;729508841;1;1215802400;
sv.txt;3642947228;1;1241562845;
sv_FI.txt;650814731;1;1215802400;
sv_SE.txt;25570335;1;1215802400;
sw.txt;3619033378;1;1215802400;
sw_KE.txt;419710310;1;1215802400;
sw_TZ.txt;2427349971;1;1215802400;
ta.txt;573459652;1;1215802401;
ta_IN.txt;1419053668;1;1215802401;
te.txt;2311286255;1;1215802401;
te_IN.txt;213590753;1;1215802401;
th.txt;509068839;1;1227685333;
th_TH.txt;4001273979;1;1215802401;
th_TH_TRADITIONAL.txt;2408072111;1;1215802401;
ti.txt;4056850728;1;1215802401;
ti_ER.txt;2232213050;1;1215802401;
ti_ET.txt;3387713025;1;1215802401;
tr.txt;2657042802;1;1215802401;
tr_TR.txt;3318472613;1;1215802401;
uk.txt;933260687;1;1215802401;
uk_UA.txt;4127848148;1;1215802401;
ur.txt;3773795471;1;1215802401;
ur_IN.txt;4094424449;1;1215802401;
ur_PK.txt;3703717936;1;1215802401;
uz.txt;4287086427;1;1215802401;
uz_AF.txt;919158313;1;1215802401;
uz_Arab.txt;1441279777;1;1215802401;
uz_Arab_AF.txt;2377551895;1;1215802401;
uz_Cyrl.txt;3579976472;1;1215802401;
uz_Cyrl_UZ.txt;698328778;1;1215802401;
uz_Latn.txt;1077904191;1;1215802401;
uz_Latn_UZ.txt;2753833217;1;1215802401;
uz_UZ.txt;1017167876;1;1215802401;
vi.txt;316879615;1;1227083923;
vi_VN.txt;2397865495;1;1215802401;
zh.txt;2764122080;1;1237602743;
zh_CN.txt;1188274704;1;1215802401;
zh_HK.txt;2793576147;1;1215802401;
zh_Hans.txt;3595027743;1;1215802401;
zh_Hans_CN.txt;701038524;1;1215802401;
zh_Hans_HK.txt;3751955107;1;1215802401;
zh_Hans_MO.txt;4291685689;1;1215802401;
zh_Hans_SG.txt;3072153753;1;1215802401;
zh_Hant.txt;290551791;1;1237602742;
zh_Hant_HK.txt;3199888721;1;1233018805;
zh_Hant_MO.txt;2146279216;1;1215802401;
zh_Hant_TW.txt;4062149106;1;1215802401;
zh_MO.txt;3140213129;1;1215802401;
zh_SG.txt;2262058028;1;1215802401;
zh_TW.txt;1460353216;1;1215802401;
