SCMBranch=External Dependencies
SCMRepository=External Dependencies/src/libxml2/doc
SCMMainlineUUID={49768a25-3559-48c3-b9a1-b43d4686e928}
SCMBranchRepositoryID=213
api.xsl;3373404899;1;1307034596;
apibuild.py;3258446303;1;1307034596;
APIchunk0.html;174086449;1;1307034596;
APIchunk1.html;1873860194;1;1307034596;
APIchunk10.html;3386802880;1;1307034596;
APIchunk11.html;1444324290;1;1307034596;
APIchunk12.html;59880811;1;1307034596;
APIchunk13.html;2108107113;1;1307034596;
APIchunk14.html;2681882224;1;1307034596;
APIchunk15.html;2109999543;1;1307034596;
APIchunk16.html;2895541111;1;1307034596;
APIchunk17.html;296870369;1;1307034596;
APIchunk18.html;1933969259;1;1307034596;
APIchunk19.html;2006438580;1;1307034596;
APIchunk2.html;868838724;1;1307034596;
APIchunk20.html;415469017;1;1307034596;
APIchunk21.html;4205348693;1;1307034596;
APIchunk22.html;3234418761;1;1307034596;
APIchunk23.html;2997586353;1;1307034596;
APIchunk24.html;1537159545;1;1307034596;
APIchunk25.html;4026577446;1;1307034596;
APIchunk26.html;1962875906;1;1307034596;
APIchunk27.html;1389429910;1;1307034596;
APIchunk28.html;2454449441;1;1307034596;
APIchunk29.html;2684047490;1;1307034596;
APIchunk3.html;2678323764;1;1307034596;
APIchunk4.html;2940011580;1;1307034596;
APIchunk5.html;2087845012;1;1307034596;
APIchunk6.html;725475341;1;1307034596;
APIchunk7.html;1500319782;1;1307034596;
APIchunk8.html;3180338712;1;1307034596;
APIchunk9.html;4268939162;1;1307034596;
APIconstructors.html;269160894;1;1307034597;
APIfiles.html;3315979216;1;1307034597;
APIfunctions.html;1053846647;1;1307034597;
APIsymbols.html;4158189054;1;1307034597;
architecture.html;2723597643;1;1307034597;
bugs.html;2872639069;1;1307034597;
catalog.gif;2361166167;1;1307034597;
catalog.html;1248238801;1;1307034597;
ChangeLog.xsl;2358844407;1;1307034597;
checkapisym.xsl;4243839976;1;1307034597;
contribs.html;196729968;1;1307034597;
docs.html;1077696953;1;1307034597;
DOM.gif;1268519170;1;1307034597;
DOM.html;2523608042;1;1307034597;
downloads.html;3246876584;1;1307034597;
elfgcchack.xsl;2383424635;1;1307034597;
encoding.html;1255061569;1;1307034597;
entities.html;3309628524;1;1307034597;
example.html;3970739773;1;1307034597;
FAQ.html;2225807182;1;1307034597;
guidelines.html;3982371098;1;1307034597;
help.html;72260129;1;1307034597;
index.html;3446833437;1;1307034597;
index.py;3357841235;1;1307034597;
interface.html;3470340693;1;1307034597;
intro.html;1423336262;1;1307034597;
library.html;244853332;1;1307034597;
libxml.gif;671876460;1;1307034597;
libxml2-api.xml;1490381050;1;1307034597;
Libxml2-Logo-180x168.gif;2289168850;1;1307034597;
Libxml2-Logo-90x34.gif;668594651;1;1307034597;
libxml2.xsa;1965709775;1;1307034598;
Makefile.am;3215746860;1;1307034598;
Makefile.in;899473187;1;1307034598;
namespaces.html;3704684388;1;1307034598;
newapi.xsl;513757085;1;1307034598;
news.html;488033288;1;1307034598;
news.xsl;1951943903;1;1307034598;
python.html;522500997;1;1307034598;
README.docs;233850904;1;1307034598;
redhat.gif;4230835241;1;1307034598;
search.php;2159905513;1;1307034598;
searches.html;1824726663;1;1307034598;
searches.xsl;1564247095;1;1307034598;
smallfootonly.gif;496147085;1;1307034598;
structure.gif;1896151956;1;1307034598;
symbols.xml;1817524848;1;1307034598;
syms.xsl;3204612347;1;1307034598;
threads.html;1824759754;1;1307034598;
tree.html;969306901;1;1307034598;
upgrade.html;1239503226;1;1307034598;
w3c.png;2322282183;1;1307034598;
wiki.xsl;2106958286;1;1307034598;
xml.html;3444524728;1;1307034598;
xmlcatalog.1;2737196897;1;1307034598;
xmlcatalog_man.html;2384863958;1;1307034598;
xmlcatalog_man.xml;1053289784;1;1307034598;
xmldtd.html;2350499281;1;1307034598;
XMLinfo.html;1036591601;1;1307034598;
xmlio.html;2262581967;1;1307034598;
xmllint.1;3040697681;1;1307034598;
xmllint.html;3423548552;1;1307034599;
xmllint.xml;704440948;1;1307034599;
xmlmem.html;927378818;1;1307034599;
xmlreader.html;4055955777;1;1307034599;
xsa.xsl;3771140876;1;1307034599;
XSLT.html;2560926035;1;1307034599;
site.xsl;177577996;2;1210272338;
